cnd#|left|rght|LposX|LposY|RposX|RposY	totalconditions=014
001 |001 |003 |-150 |0250 |0350 |0250
002 |003 |001 |-150 |0250 |0350 |0250
003 |001 |003 |-150 |-200 |0350 |0250
004 |003 |001 |-150 |-200 |0350 |0250
005 |001 |003 |-150 |0250 |-150 |-200
006 |003 |001 |-150 |0250 |-150 |-200
007 |001 |003 |0350 |0250 |0350 |-200
008 |003 |001 |0350 |0250 |0350 |-200
009 |001 |003 |0350 |-200 |-150 |0250
010 |003 |001 |0350 |-200 |-150 |0250
011 |001 |003 |0350 |0250 |-150 |-200
012 |003 |001 |0350 |0250 |-150 |-200
013 |004 |003 |0350 |0250 |-150 |-200
014 |004 |001 |0350 |0250 |-150 |-200
	