cnd#	|left	|right	|test1	|test2		totalconditions=432
001	|036	|027	|	|
002	|018	|011	|	|
003	|021	|036	|	|
004	|027	|024	|	|
005	|021	|025	|	|
006	|030	|033	|	|
007	|009	|002	|	|
008	|013	|005	|	|
009	|035	|023	|	|
010	|009	|015	|	|
011	|002	|015	|	|
012	|003	|009	|	|
013	|028	|035	|	|
014	|035	|020	|	|
015	|016	|011	|	|
016	|003	|011	|	|
017	|004	|015	|	|
018	|032	|029	|	|
019	|023	|028	|	|
020	|020	|031	|	|
021	|017	|002	|	|
022	|026	|019	|	|
023	|009	|001	|	|
024	|010	|017	|	|
025	|004	|018	|	|
026	|021	|032	|	|
027	|017	|011	|	|
028	|022	|026	|	|
029	|015	|001	|	|
030	|030	|022	|	|
031	|030	|031	|	|
032	|010	|014	|	|
033	|004	|012	|	|
034	|034	|027	|	|
035	|032	|020	|	|
036	|008	|005	|	|
037	|018	|008	|	|
038	|036	|030	|	|
039	|009	|016	|	|
040	|013	|004	|	|
041	|020	|027	|	|
042	|003	|015	|	|
043	|028	|022	|	|
044	|032	|022	|	|
045	|022	|035	|	|
046	|005	|009	|	|
047	|008	|002	|	|
048	|025	|034	|	|
049	|020	|033	|	|
050	|015	|006	|	|
051	|018	|010	|	|
052	|004	|008	|	|
053	|004	|013	|	|
054	|008	|003	|	|
055	|033	|024	|	|
056	|010	|018	|	|
057	|034	|030	|	|
058	|027	|032	|	|
059	|021	|026	|	|
060	|030	|024	|	|
061	|003	|012	|	|
062	|017	|006	|	|
063	|035	|021	|	|
064	|030	|020	|	|
065	|017	|012	|	|
066	|020	|030	|	|
067	|035	|025	|	|
068	|020	|032	|	|
069	|025	|031	|	|
070	|011	|017	|	|
071	|003	|018	|	|
072	|010	|002	|	|
073	|030	|036	|	|
074	|035	|026	|	|
075	|022	|027	|	|
076	|022	|032	|	|
077	|031	|020	|	|
078	|016	|009	|	|
079	|001	|014	|	|
080	|007	|003	|	|
081	|016	|002	|	|
082	|007	|015	|	|
083	|029	|022	|	|
084	|006	|007	|	|
085	|032	|019	|	|
086	|033	|025	|	|
087	|006	|014	|	|
088	|029	|021	|	|
089	|019	|032	|	|
090	|009	|013	|	|
091	|015	|010	|	|
092	|010	|001	|	|
093	|005	|007	|	|
094	|023	|025	|	|
095	|026	|035	|	|
096	|015	|004	|	|
097	|002	|008	|	|
098	|033	|022	|	|
099	|010	|015	|	|
100	|012	|005	|	|
101	|014	|012	|	|
102	|024	|036	|	|
103	|014	|005	|	|
104	|023	|027	|	|
105	|034	|028	|	|
106	|028	|032	|	|
107	|028	|023	|	|
108	|005	|014	|	|
109	|014	|001	|	|
110	|006	|015	|	|
111	|011	|014	|	|
112	|002	|012	|	|
113	|025	|024	|	|
114	|027	|034	|	|
115	|034	|020	|	|
116	|013	|010	|	|
117	|022	|036	|	|
118	|020	|025	|	|
119	|032	|030	|	|
120	|010	|006	|	|
121	|029	|035	|	|
122	|002	|007	|	|
123	|010	|016	|	|
124	|001	|013	|	|
125	|021	|035	|	|
126	|026	|023	|	|
127	|007	|006	|	|
128	|019	|029	|	|
129	|015	|005	|	|
130	|031	|027	|	|
131	|034	|023	|	|
132	|015	|009	|	|
133	|009	|018	|	|
134	|015	|002	|	|
135	|013	|009	|	|
136	|028	|020	|	|
137	|024	|025	|	|
138	|009	|006	|	|
139	|019	|034	|	|
140	|002	|009	|	|
141	|001	|018	|	|
142	|032	|024	|	|
143	|027	|035	|	|
144	|033	|030	|	|
145	|032	|026	|	|
146	|020	|026	|	|
147	|028	|024	|	|
148	|006	|009	|	|
149	|009	|004	|	|
150	|018	|001	|	|
151	|029	|031	|	|
152	|019	|031	|	|
153	|034	|024	|	|
154	|003	|014	|	|
155	|012	|016	|	|
156	|013	|007	|	|
157	|021	|033	|	|
158	|034	|026	|	|
159	|025	|023	|	|
160	|017	|004	|	|
161	|002	|016	|	|
162	|012	|004	|	|
163	|002	|010	|	|
164	|023	|030	|	|
165	|031	|024	|	|
166	|026	|033	|	|
167	|007	|016	|	|
168	|016	|008	|	|
169	|034	|029	|	|
170	|027	|020	|	|
171	|034	|019	|	|
172	|011	|003	|	|
173	|005	|017	|	|
174	|021	|027	|	|
175	|011	|015	|	|
176	|016	|001	|	|
177	|017	|010	|	|
178	|006	|008	|	|
179	|026	|032	|	|
180	|023	|033	|	|
181	|015	|012	|	|
182	|011	|018	|	|
183	|016	|004	|	|
184	|030	|023	|	|
185	|002	|014	|	|
186	|031	|022	|	|
187	|001	|009	|	|
188	|025	|033	|	|
189	|022	|031	|	|
190	|033	|027	|	|
191	|009	|003	|	|
192	|024	|026	|	|
193	|021	|034	|	|
194	|016	|012	|	|
195	|017	|005	|	|
196	|033	|029	|	|
197	|026	|022	|	|
198	|025	|036	|	|
199	|004	|010	|	|
200	|020	|028	|	|
201	|001	|015	|	|
202	|036	|020	|	|
203	|008	|001	|	|
204	|008	|017	|	|
205	|024	|032	|	|
206	|033	|026	|	|
207	|036	|022	|	|
208	|027	|019	|	|
209	|005	|018	|	|
210	|008	|016	|	|
211	|029	|036	|	|
212	|023	|029	|	|
213	|014	|006	|	|
214	|001	|012	|	|
215	|017	|009	|	|
216	|012	|006	|	|
217	|031	|029	|	|
218	|014	|011	|	|
219	|005	|011	|	|
220	|011	|006	|	|
221	|029	|023	|	|
222	|033	|019	|	|
223	|004	|016	|	|
224	|013	|002	|	|
225	|007	|017	|	|
226	|019	|027	|	|
227	|029	|032	|	|
228	|022	|034	|	|
229	|007	|013	|	|
230	|012	|001	|	|
231	|004	|011	|	|
232	|006	|018	|	|
233	|015	|008	|	|
234	|027	|022	|	|
235	|024	|031	|	|
236	|026	|034	|	|
237	|016	|005	|	|
238	|036	|023	|	|
239	|022	|028	|	|
240	|036	|026	|	|
241	|018	|005	|	|
242	|010	|005	|	|
243	|031	|025	|	|
244	|001	|017	|	|
245	|018	|007	|	|
246	|021	|030	|	|
247	|012	|015	|	|
248	|020	|034	|	|
249	|004	|007	|	|
250	|035	|019	|	|
251	|025	|019	|	|
252	|028	|034	|	|
253	|029	|019	|	|
254	|004	|014	|	|
255	|016	|006	|	|
256	|021	|029	|	|
257	|019	|035	|	|
258	|009	|017	|	|
259	|017	|008	|	|
260	|036	|021	|	|
261	|002	|011	|	|
262	|007	|005	|	|
263	|035	|027	|	|
264	|028	|036	|	|
265	|029	|034	|	|
266	|007	|014	|	|
267	|018	|004	|	|
268	|018	|012	|	|
269	|024	|030	|	|
270	|006	|016	|	|
271	|005	|012	|	|
272	|027	|023	|	|
273	|020	|035	|	|
274	|032	|028	|	|
275	|031	|021	|	|
276	|007	|001	|	|
277	|019	|025	|	|
278	|008	|004	|	|
279	|005	|013	|	|
280	|008	|018	|	|
281	|036	|019	|	|
282	|031	|028	|	|
283	|018	|006	|	|
284	|028	|019	|	|
285	|016	|007	|	|
286	|024	|035	|	|
287	|026	|036	|	|
288	|003	|008	|	|
289	|023	|026	|	|
290	|010	|013	|	|
291	|030	|034	|	|
292	|013	|003	|	|
293	|034	|022	|	|
294	|029	|020	|	|
295	|014	|010	|	|
296	|001	|010	|	|
297	|023	|034	|	|
298	|002	|018	|	|
299	|007	|004	|	|
300	|032	|025	|	|
301	|018	|009	|	|
302	|008	|015	|	|
303	|003	|013	|	|
304	|025	|020	|	|
305	|033	|028	|	|
306	|019	|033	|	|
307	|011	|001	|	|
308	|029	|033	|	|
309	|016	|003	|	|
310	|031	|019	|	|
311	|001	|007	|	|
312	|024	|027	|	|
313	|023	|036	|	|
314	|029	|024	|	|
315	|011	|005	|	|
316	|013	|012	|	|
317	|017	|001	|	|
318	|035	|029	|	|
319	|003	|016	|	|
320	|031	|023	|	|
321	|028	|033	|	|
322	|020	|029	|	|
323	|012	|013	|	|
324	|006	|010	|	|
325	|023	|035	|	|
326	|025	|022	|	|
327	|028	|031	|	|
328	|001	|008	|	|
329	|002	|013	|	|
330	|011	|016	|	|
331	|009	|005	|	|
332	|022	|029	|	|
333	|035	|022	|	|
334	|015	|007	|	|
335	|017	|003	|	|
336	|032	|027	|	|
337	|012	|017	|	|
338	|031	|030	|	|
339	|033	|021	|	|
340	|014	|004	|	|
341	|025	|035	|	|
342	|015	|011	|	|
343	|022	|033	|	|
344	|019	|028	|	|
345	|006	|011	|	|
346	|025	|021	|	|
347	|010	|003	|	|
348	|002	|017	|	|
349	|005	|015	|	|
350	|011	|013	|	|
351	|013	|001	|	|
352	|024	|029	|	|
353	|008	|006	|	|
354	|026	|031	|	|
355	|005	|010	|	|
356	|023	|031	|	|
357	|035	|024	|	|
358	|035	|028	|	|
359	|013	|011	|	|
360	|026	|020	|	|
361	|035	|030	|	|
362	|015	|003	|	|
363	|034	|021	|	|
364	|028	|021	|	|
365	|025	|032	|	|
366	|014	|009	|	|
367	|001	|016	|	|
368	|007	|002	|	|
369	|007	|018	|	|
370	|001	|011	|	|
371	|020	|036	|	|
372	|019	|030	|	|
373	|027	|036	|	|
374	|021	|031	|	|
375	|026	|021	|	|
376	|012	|002	|	|
377	|012	|018	|	|
378	|003	|017	|	|
379	|003	|010	|	|
380	|021	|028	|	|
381	|013	|008	|	|
382	|036	|028	|	|
383	|014	|003	|	|
384	|036	|024	|	|
385	|011	|004	|	|
386	|014	|002	|	|
387	|027	|033	|	|
388	|023	|032	|	|
389	|008	|014	|	|
390	|004	|009	|	|
391	|033	|020	|	|
392	|006	|013	|	|
393	|027	|021	|	|
394	|014	|008	|	|
395	|031	|026	|	|
396	|019	|026	|	|
397	|036	|029	|	|
398	|022	|030	|	|
399	|003	|007	|	|
400	|004	|017	|	|
401	|017	|007	|	|
402	|010	|004	|	|
403	|027	|031	|	|
404	|032	|023	|	|
405	|030	|021	|	|
406	|024	|033	|	|
407	|018	|003	|	|
408	|008	|013	|	|
409	|009	|014	|	|
410	|022	|025	|	|
411	|026	|024	|	|
412	|033	|023	|	|
413	|036	|025	|	|
414	|024	|034	|	|
415	|005	|016	|	|
416	|030	|035	|	|
417	|012	|003	|	|
418	|016	|010	|	|
419	|013	|006	|	|
420	|005	|008	|	|
421	|011	|002	|	|
422	|006	|017	|	|
423	|032	|021	|	|
424	|030	|019	|	|
425	|019	|036	|	|
426	|024	|028	|	|
427	|018	|002	|	|
428	|014	|007	|	|
429	|006	|012	|	|
430	|012	|014	|	|
431	|034	|025	|	|
432	|030	|032	|	|