cnd#	|left	|right	|test1	|test2		totalconditions=432
001	|019	|034	|	|
002	|004	|011	|	|
003	|019	|029	|	|
004	|013	|005	|	|
005	|013	|010	|	|
006	|001	|018	|	|
007	|026	|019	|	|
008	|032	|026	|	|
009	|026	|036	|	|
010	|008	|018	|	|
011	|032	|020	|	|
012	|008	|004	|	|
013	|018	|012	|	|
014	|031	|024	|	|
015	|008	|016	|	|
016	|015	|003	|	|
017	|025	|033	|	|
018	|011	|001	|	|
019	|027	|022	|	|
020	|036	|030	|	|
021	|003	|016	|	|
022	|022	|035	|	|
023	|001	|012	|	|
024	|021	|027	|	|
025	|003	|010	|	|
026	|015	|008	|	|
027	|034	|021	|	|
028	|029	|034	|	|
029	|009	|017	|	|
030	|033	|028	|	|
031	|019	|030	|	|
032	|025	|019	|	|
033	|014	|005	|	|
034	|002	|018	|	|
035	|023	|031	|	|
036	|012	|005	|	|
037	|035	|030	|	|
038	|020	|031	|	|
039	|032	|019	|	|
040	|010	|005	|	|
041	|006	|015	|	|
042	|028	|032	|	|
043	|029	|021	|	|
044	|014	|007	|	|
045	|024	|029	|	|
046	|016	|003	|	|
047	|011	|014	|	|
048	|001	|008	|	|
049	|035	|019	|	|
050	|012	|003	|	|
051	|026	|020	|	|
052	|030	|034	|	|
053	|017	|006	|	|
054	|022	|028	|	|
055	|021	|035	|	|
056	|008	|015	|	|
057	|017	|010	|	|
058	|002	|015	|	|
059	|001	|010	|	|
060	|035	|027	|	|
061	|024	|028	|	|
062	|015	|005	|	|
063	|007	|014	|	|
064	|036	|020	|	|
065	|034	|028	|	|
066	|009	|001	|	|
067	|006	|012	|	|
068	|002	|014	|	|
069	|029	|019	|	|
070	|022	|034	|	|
071	|015	|010	|	|
072	|025	|036	|	|
073	|002	|010	|	|
074	|027	|021	|	|
075	|007	|003	|	|
076	|034	|024	|	|
077	|014	|001	|	|
078	|001	|014	|	|
079	|023	|034	|	|
080	|009	|015	|	|
081	|022	|030	|	|
082	|015	|009	|	|
083	|034	|027	|	|
084	|025	|031	|	|
085	|035	|029	|	|
086	|030	|036	|	|
087	|025	|020	|	|
088	|016	|004	|	|
089	|031	|021	|	|
090	|024	|031	|	|
091	|024	|030	|	|
092	|013	|008	|	|
093	|012	|004	|	|
094	|001	|013	|	|
095	|011	|015	|	|
096	|005	|011	|	|
097	|021	|032	|	|
098	|030	|024	|	|
099	|018	|005	|	|
100	|022	|029	|	|
101	|018	|011	|	|
102	|035	|026	|	|
103	|003	|008	|	|
104	|028	|036	|	|
105	|008	|014	|	|
106	|003	|015	|	|
107	|010	|006	|	|
108	|034	|019	|	|
109	|020	|036	|	|
110	|036	|021	|	|
111	|004	|007	|	|
112	|021	|026	|	|
113	|014	|002	|	|
114	|007	|017	|	|
115	|014	|012	|	|
116	|005	|016	|	|
117	|029	|024	|	|
118	|010	|004	|	|
119	|031	|025	|	|
120	|029	|036	|	|
121	|007	|006	|	|
122	|023	|029	|	|
123	|035	|025	|	|
124	|024	|035	|	|
125	|007	|016	|	|
126	|026	|032	|	|
127	|031	|022	|	|
128	|028	|019	|	|
129	|014	|003	|	|
130	|018	|008	|	|
131	|001	|017	|	|
132	|001	|009	|	|
133	|033	|027	|	|
134	|027	|034	|	|
135	|012	|018	|	|
136	|017	|011	|	|
137	|009	|005	|	|
138	|018	|003	|	|
139	|032	|021	|	|
140	|020	|030	|	|
141	|006	|010	|	|
142	|030	|021	|	|
143	|005	|015	|	|
144	|022	|033	|	|
145	|010	|001	|	|
146	|027	|031	|	|
147	|004	|012	|	|
148	|020	|029	|	|
149	|035	|023	|	|
150	|015	|004	|	|
151	|010	|015	|	|
152	|023	|032	|	|
153	|018	|010	|	|
154	|026	|024	|	|
155	|006	|014	|	|
156	|034	|030	|	|
157	|004	|014	|	|
158	|032	|024	|	|
159	|016	|012	|	|
160	|018	|001	|	|
161	|032	|027	|	|
162	|011	|003	|	|
163	|025	|024	|	|
164	|024	|032	|	|
165	|026	|031	|	|
166	|010	|018	|	|
167	|021	|025	|	|
168	|005	|012	|	|
169	|020	|028	|	|
170	|028	|023	|	|
171	|012	|013	|	|
172	|013	|001	|	|
173	|001	|016	|	|
174	|006	|011	|	|
175	|035	|020	|	|
176	|026	|035	|	|
177	|032	|030	|	|
178	|007	|004	|	|
179	|014	|009	|	|
180	|020	|032	|	|
181	|028	|021	|	|
182	|016	|011	|	|
183	|012	|015	|	|
184	|002	|013	|	|
185	|002	|012	|	|
186	|025	|032	|	|
187	|008	|002	|	|
188	|023	|033	|	|
189	|035	|022	|	|
190	|036	|027	|	|
191	|016	|006	|	|
192	|019	|026	|	|
193	|033	|024	|	|
194	|010	|003	|	|
195	|020	|034	|	|
196	|025	|023	|	|
197	|010	|013	|	|
198	|027	|036	|	|
199	|017	|008	|	|
200	|035	|028	|	|
201	|005	|014	|	|
202	|019	|028	|	|
203	|001	|007	|	|
204	|016	|005	|	|
205	|007	|013	|	|
206	|003	|012	|	|
207	|029	|032	|	|
208	|033	|026	|	|
209	|021	|030	|	|
210	|036	|023	|	|
211	|017	|005	|	|
212	|024	|033	|	|
213	|015	|007	|	|
214	|004	|018	|	|
215	|030	|020	|	|
216	|012	|002	|	|
217	|012	|017	|	|
218	|006	|016	|	|
219	|015	|001	|	|
220	|033	|022	|	|
221	|026	|023	|	|
222	|011	|005	|	|
223	|017	|012	|	|
224	|006	|008	|	|
225	|028	|035	|	|
226	|021	|036	|	|
227	|020	|025	|	|
228	|036	|028	|	|
229	|027	|019	|	|
230	|006	|017	|	|
231	|036	|019	|	|
232	|014	|011	|	|
233	|028	|033	|	|
234	|005	|007	|	|
235	|023	|036	|	|
236	|023	|026	|	|
237	|033	|029	|	|
238	|009	|014	|	|
239	|015	|006	|	|
240	|011	|002	|	|
241	|009	|003	|	|
242	|022	|027	|	|
243	|027	|035	|	|
244	|027	|024	|	|
245	|033	|023	|	|
246	|034	|025	|	|
247	|018	|009	|	|
248	|017	|003	|	|
249	|009	|018	|	|
250	|005	|018	|	|
251	|019	|033	|	|
252	|001	|011	|	|
253	|018	|006	|	|
254	|004	|009	|	|
255	|022	|026	|	|
256	|020	|033	|	|
257	|003	|018	|	|
258	|010	|016	|	|
259	|007	|002	|	|
260	|017	|009	|	|
261	|031	|026	|	|
262	|028	|020	|	|
263	|030	|032	|	|
264	|033	|019	|	|
265	|013	|004	|	|
266	|015	|011	|	|
267	|027	|023	|	|
268	|036	|029	|	|
269	|022	|031	|	|
270	|029	|033	|	|
271	|005	|009	|	|
272	|003	|014	|	|
273	|034	|020	|	|
274	|009	|004	|	|
275	|020	|026	|	|
276	|010	|017	|	|
277	|017	|004	|	|
278	|023	|030	|	|
279	|002	|016	|	|
280	|027	|033	|	|
281	|016	|007	|	|
282	|033	|020	|	|
283	|002	|007	|	|
284	|008	|013	|	|
285	|030	|019	|	|
286	|019	|031	|	|
287	|012	|001	|	|
288	|031	|028	|	|
289	|035	|024	|	|
290	|022	|032	|	|
291	|028	|024	|	|
292	|018	|002	|	|
293	|025	|035	|	|
294	|011	|006	|	|
295	|031	|029	|	|
296	|004	|016	|	|
297	|007	|018	|	|
298	|023	|025	|	|
299	|002	|008	|	|
300	|016	|010	|	|
301	|026	|033	|	|
302	|018	|007	|	|
303	|016	|001	|	|
304	|010	|014	|	|
305	|024	|027	|	|
306	|034	|026	|	|
307	|021	|031	|	|
308	|036	|022	|	|
309	|028	|022	|	|
310	|004	|010	|	|
311	|005	|013	|	|
312	|008	|005	|	|
313	|013	|003	|	|
314	|003	|007	|	|
315	|019	|025	|	|
316	|032	|029	|	|
317	|031	|023	|	|
318	|019	|036	|	|
319	|028	|034	|	|
320	|008	|017	|	|
321	|014	|008	|	|
322	|005	|017	|	|
323	|026	|021	|	|
324	|010	|002	|	|
325	|018	|004	|	|
326	|007	|005	|	|
327	|004	|008	|	|
328	|028	|031	|	|
329	|022	|025	|	|
330	|026	|022	|	|
331	|013	|007	|	|
332	|011	|013	|	|
333	|019	|035	|	|
334	|001	|015	|	|
335	|036	|024	|	|
336	|032	|028	|	|
337	|011	|004	|	|
338	|021	|034	|	|
339	|027	|032	|	|
340	|033	|021	|	|
341	|024	|026	|	|
342	|017	|007	|	|
343	|011	|017	|	|
344	|014	|004	|	|
345	|006	|013	|	|
346	|029	|020	|	|
347	|036	|026	|	|
348	|002	|009	|	|
349	|025	|022	|	|
350	|008	|001	|	|
351	|017	|002	|	|
352	|036	|025	|	|
353	|034	|023	|	|
354	|016	|008	|	|
355	|009	|013	|	|
356	|021	|028	|	|
357	|003	|009	|	|
358	|019	|032	|	|
359	|029	|031	|	|
360	|004	|015	|	|
361	|032	|022	|	|
362	|007	|015	|	|
363	|007	|001	|	|
364	|013	|006	|	|
365	|033	|030	|	|
366	|003	|017	|	|
367	|024	|034	|	|
368	|003	|011	|	|
369	|025	|034	|	|
370	|029	|023	|	|
371	|013	|011	|	|
372	|024	|025	|	|
373	|009	|006	|	|
374	|020	|027	|	|
375	|004	|013	|	|
376	|020	|035	|	|
377	|025	|021	|	|
378	|034	|029	|	|
379	|011	|016	|	|
380	|030	|031	|	|
381	|035	|021	|	|
382	|013	|002	|	|
383	|002	|011	|	|
384	|013	|012	|	|
385	|034	|022	|	|
386	|027	|020	|	|
387	|021	|029	|	|
388	|012	|014	|	|
389	|008	|003	|	|
390	|014	|010	|	|
391	|004	|017	|	|
392	|014	|006	|	|
393	|024	|036	|	|
394	|033	|025	|	|
395	|030	|035	|	|
396	|006	|007	|	|
397	|023	|035	|	|
398	|019	|027	|	|
399	|009	|002	|	|
400	|030	|023	|	|
401	|005	|010	|	|
402	|016	|009	|	|
403	|015	|002	|	|
404	|031	|027	|	|
405	|003	|013	|	|
406	|026	|034	|	|
407	|032	|023	|	|
408	|011	|018	|	|
409	|030	|022	|	|
410	|021	|033	|	|
411	|029	|035	|	|
412	|017	|001	|	|
413	|015	|012	|	|
414	|031	|020	|	|
415	|005	|008	|	|
416	|023	|027	|	|
417	|012	|016	|	|
418	|006	|018	|	|
419	|012	|006	|	|
420	|031	|030	|	|
421	|031	|019	|	|
422	|009	|016	|	|
423	|029	|022	|	|
424	|002	|017	|	|
425	|030	|033	|	|
426	|013	|009	|	|
427	|016	|002	|	|
428	|006	|009	|	|
429	|032	|025	|	|
430	|022	|036	|	|
431	|023	|028	|	|
432	|008	|006	|	|