cnd#	|left	  |right   |test1   |test2       totalconditions=189
001	|001	  |011	   |        |       
002	|001	  |012	   |        |       
003	|001	  |013	   |        |       
004	|001	  |014	   |        |       
005	|001	  |015	   |        |       
006	|001	  |016	   |        |       
007	|001	  |017	   |        |       
008	|001	  |018	   |        |       
009	|001	  |019	   |        |       
010	|001	  |020	   |        |       
011	|011	  |001     |        |      
012	|012	  |001     |        |      
013	|013	  |001     |        |      
014	|014	  |001     |        |      
015	|015	  |001     |        |      
016	|016	  |001     |        |      
017	|017	  |001     |        |      
018	|018	  |001     |        |      
019	|019	  |001     |        |      
020	|020	  |001     |        |     
021	|002	  |011	   |        |       
022	|002	  |012	   |        |       
023	|002	  |013	   |        |       
024	|002	  |014	   |        |       
025	|002	  |015	   |        |       
026	|002	  |016	   |        |       
027	|002	  |017	   |        |       
028	|002	  |018	   |        |       
029	|002	  |019	   |        |       
030	|002	  |020	   |        |       
031	|011	  |002     |        |      
032	|012	  |002     |        |      
033	|013	  |002     |        |      
034	|014	  |002     |        |      
035	|015	  |002     |        |      
036	|016	  |002     |        |      
037	|017	  |002     |        |      
038	|018	  |002     |        |      
039	|019	  |002     |        |      
040	|020	  |002     |        |     
041	|003	  |011	   |        |       
042	|003	  |012	   |        |       
043	|003	  |013	   |        |       
044	|003	  |014	   |        |       
045	|003	  |015	   |        |       
046	|003	  |016	   |        |       
047	|003	  |017	   |        |       
048	|003	  |018	   |        |       
049	|003	  |019	   |        |       
050	|003	  |020	   |        |       
051	|011	  |003     |        |      
052	|012	  |003     |        |      
053	|013	  |003     |        |      
054	|014	  |003     |        |      
055	|015	  |003     |        |      
056	|016	  |003     |        |      
057	|017	  |003     |        |      
058	|018	  |003     |        |      
059	|019	  |003     |        |      
060	|020	  |003     |        |     
061	|004	  |011	   |        |       
062	|004	  |012	   |        |       
063	|004	  |013	   |        |       
064	|004	  |014	   |        |       
065	|004	  |015	   |        |       
066	|004	  |016	   |        |       
067	|004	  |017	   |        |       
068	|004	  |018	   |        |       
069	|004	  |019	   |        |       
070	|004	  |020	   |        |       
071	|011	  |004     |        |      
072	|012	  |004     |        |      
073	|013	  |004     |        |      
074	|014	  |004     |        |      
075	|015	  |004     |        |      
076	|016	  |004     |        |      
077	|017	  |004     |        |      
078	|018	  |004     |        |      
079	|019	  |004     |        |      
080	|020	  |004     |        |     

091	|005	  |011	   |        |       
092	|005	  |012	   |        |       
093	|005	  |013	   |        |       
094	|005	  |014	   |        |       
095	|005	  |015	   |        |       
096	|005	  |016	   |        |       
097	|005	  |017	   |        |       
098	|005	  |018	   |        |       
099	|005	  |019	   |        |       
100	|005	  |020	   |        |       
101	|011	  |005     |        |      
102	|012	  |005     |        |      
103	|013	  |005     |        |      
104	|014	  |005     |        |      
105	|015	  |005     |        |      
106	|016	  |005     |        |      
107	|017	  |005     |        |      
108	|018	  |005     |        |      
109	|019	  |005     |        |      
110	|020	  |005     |        |   
111	|006	  |011	   |        |       
112	|006	  |012	   |        |       
113	|006	  |013	   |        |       
114	|006	  |014	   |        |       
115	|006	  |015	   |        |       
116	|006	  |016	   |        |       
117	|006	  |017	   |        |       
118	|006	  |018	   |        |       
119	|006	  |019	   |        |       
120	|006	  |020	   |        |       
121	|011	  |006     |        |      
122	|012	  |006     |        |      
123	|013	  |006     |        |      
124	|014	  |006     |        |      
125	|015	  |006     |        |      
126	|016	  |006     |        |      
127	|017	  |006     |        |      
128	|018	  |006     |        |      
129	|019	  |006     |        |      
130	|020	  |006     |        |   
131	|007	  |011	   |        |       
132	|007	  |012	   |        |       
133	|007	  |013	   |        |       
134	|007	  |014	   |        |       
135	|007	  |015	   |        |       
136	|007	  |016	   |        |       
137	|007	  |017	   |        |       
138	|007	  |018	   |        |       
139	|007	  |019	   |        |       
140	|007	  |020	   |        |       
141	|011	  |007     |        |      
142	|012	  |007     |        |      
143	|013	  |007     |        |      
144	|014	  |007     |        |      
145	|015	  |007     |        |      
146	|016	  |007     |        |      
147	|017	  |007     |        |      
148	|018	  |007     |        |      
149	|019	  |007     |        |      
150	|020	  |007     |        |   
151	|008	  |011	   |        |       
152	|008	  |012	   |        |       
153	|008	  |013	   |        |       
154	|008	  |014	   |        |       
155	|008	  |015	   |        |       
156	|008	  |016	   |        |       
157	|008	  |017	   |        |       
158	|008	  |018	   |        |       
159	|008	  |019	   |        |       
160	|008	  |020	   |        |       
161	|011	  |008     |        |      
162	|012	  |008     |        |      
163	|013	  |008     |        |      
164	|014	  |008     |        |      
165	|015	  |008     |        |      
166	|016	  |008     |        |      
167	|017	  |008     |        |      
168	|018	  |008     |        |      
169	|019	  |008     |        |      
170	|020	  |008     |        |   
171	|009	  |011	   |        |       
172	|009	  |012	   |        |       
173	|009	  |013	   |        |       
174	|009	  |014	   |        |       
175	|009	  |015	   |        |       
176	|009	  |016	   |        |       
177	|009	  |017	   |        |       
178	|009	  |018	   |        |       
179	|009	  |019	   |        |       
180	|009	  |020	   |        |       
181	|011	  |009     |        |      
182	|012	  |009     |        |      
183	|013	  |009     |        |      
184	|014	  |009     |        |      
185	|015	  |009     |        |      
186	|016	  |009     |        |      
187	|017	  |009     |        |      
188	|018	  |009     |        |      
189	|019	  |009     |        |      
080	|020	  |009     |        |   
061	|010	  |011	   |        |       
062	|010	  |012	   |        |       
063	|010	  |013	   |        |       
064	|010	  |014	   |        |       
065	|010	  |015	   |        |       
066	|010	  |016	   |        |       
067	|010	  |017	   |        |       
068	|010	  |018	   |        |       
069	|010	  |019	   |        |       
070	|010	  |020	   |        |       
071	|011	  |010     |        |      
072	|012	  |010     |        |      
073	|013	  |010     |        |      
074	|014	  |010     |        |      
075	|015	  |010     |        |      
076	|016	  |010     |        |      
077	|017	  |010     |        |      
078	|018	  |010     |        |      
079	|019	  |010     |        |      
080	|020	  |010     |        |   