item#   |moviename          |startframe   |endframe              |totalitems=99
01      |1ls.avi            |001          |226
02      |1ne.avi            |001          |226
03      |1th.avi            |001          |226
04      |2ls.avi            |001          |226
05      |2ne.avi            |001          |226
06      |2th.avi            |001          |226
07      |13ls.avi           |001          |226
08      |13ne.avi           |001          |226
09      |13th.avi           |001          |226
10      |16ls.avi           |001          |226
11      |16ne.avi           |001          |226
12      |16th.avi           |001          |226
13      |17ls.avi           |001          |226
14      |17ne.avi           |001          |226
15      |17th.avi           |001          |226
16      |jessica.avi        |001          |226
17      |mike.avi           |001          |226
18      |bethany.avi        |001          |226
19      |saman.avi          |001          |226
20      |hedwin.avi         |001          |226
21      |crprc_playsex.avi  |001          |226
22      |cage.avi           |001          |150
23      |18ls.avi           |001          |226
24      |18ne.avi           |001          |226
25      |18th.avi           |001          |226
26      |19ls.avi           |001          |226
27      |19ne.avi           |001          |226
28      |19th.avi           |001          |226
29      |20ls.avi           |001          |226
30      |20ne.avi           |001          |226
31      |20th.avi           |001          |226
32      |54ls.avi           |001          |226
33      |54ne.avi           |001          |226
34      |54th.avi           |001          |226
35      |56ls.avi           |001          |226
36      |56ne.avi           |001          |226
37      |56th.avi           |001          |226
38      |58ls.avi           |001          |226
39      |58ne.avi           |001          |226
40      |58th.avi           |001          |226
41      |60ls.avi           |001          |226
42      |60ne.avi           |001          |226
43      |60th.avi           |001          |226
44      |61ls.avi           |001          |226
45      |61ne.avi           |001          |226
46      |61th.avi           |001          |226
47      |62ls.avi           |001          |226
48      |62ne.avi           |001          |226
49      |62th.avi           |001          |226
50      |63ls.avi           |001          |226
51      |63ne.avi           |001          |226
52      |63th.avi           |001          |226
53      |64ls.avi           |001          |226
54      |64ne.avi           |001          |226
55      |64th.avi           |001          |226
59      |67ls.avi           |001          |226
57      |67ne.avi           |001          |226
58      |67th.avi           |001          |226
59      |70ls.avi           |001          |226
60      |70ne.avi           |001          |226
61      |70th.avi           |001          |226
62      |71ls.avi           |001          |226
63      |71ne.avi           |001          |226
64      |71th.avi           |001          |226
65      |86ls.avi           |001          |226
66      |86ne.avi           |001          |226
67      |86th.avi           |001          |226
68      |87ls.avi           |001          |226
69      |87ne.avi           |001          |226
70      |87th.avi           |001          |226
71      |89ls.avi           |001          |226
72      |89ne.avi           |001          |226
73      |89th.avi           |001          |226
74      |90ls.avi           |001          |226
75      |90ne.avi           |001          |226
76      |90th.avi           |001          |226
77      |92ls.avi           |001          |226
78      |92ne.avi           |001          |226
79      |92th.avi           |001          |226
80      |94ls.avi           |001          |226
81      |94ne.avi           |001          |226
82      |94th.avi           |001          |226
83      |101ne.avi          |001          |226
84      |101th.avi          |001          |226
85      |101ls.avi          |001          |226
86      |106ne.avi          |001          |226
87      |106th.avi          |001          |226
88      |106ls.avi          |001          |226
89      |110ne.avi          |001          |226
90      |110th.avi          |001          |226
91      |110ls.avi          |001          |226
92      |112ne.avi          |001          |226
93      |112th.avi          |001          |226
94      |112ls.avi          |001          |226
95      |121ne.avi          |001          |226
96      |121th.avi          |001          |226
97      |121ls.avi          |001          |226
98      |127ne.avi          |001          |226
99      |127th.avi          |001          |226