cnd#	test0	test1	test2	test3		total conditions=87
01	01	-1
02	02	-1
03	03	
04	04
05	05	-1
06	06	-1
07	07	-1
08	08
09	09	-1
10	10
11	11
12	12	-1
13	13	-1
14	14
15	15
16	16	-1
17	17	-1
18	18	-1
19	19
20	20
21	21
22	22
23	23	-1
24	24
25	25
26	26
27	27	-1
28	28	-1
29	29
30	30
31	31	-1
32	32	-1
33	33
34	34	-1
35	35
36	36	-1
37	37	-1
38	38
39	39
40	40	-1
41	41	-1
42	42
43	43	-1
44	44	-1
45	45
46	46
47	47
48	48	-1
49	49
50	50
51	51	-1
52	52	-1
53	53	-1
54	54	-1
55	55	-1
56	56	-1
57	57	-1
58	58	-1
59	59	-1
60	60	-1
61	61	-1
62	62	-1
63	63	-1
64	64	-1
65	65	-1
66	66	-1
67	67
68	68
69	69
70	70
71	71
72	72
73	73
74	74
75	75
76	76
77	77
78	78
79	79
80	80
81	81
82	82
83	83
84	84
85	85
86	86
87	87