cnd#	|left	|right	|test1	|test2		totalconditions=040
001	|010	|000	|	|
002	|000	|014	|	|
003	|001	|000	|	|
004	|000	|002	|	|
005	|014	|000	|	|
006	|000	|009	|	|
007	|020	|000	|	|
008	|000	|012	|	|
009	|012	|000	|	|
010	|000	|017	|	|
011	|000	|005	|	|
012	|004	|000	|	|
013	|011	|000	|	|
014	|000	|010	|	|
015	|000	|019	|	|
016	|015	|000	|	|
017	|000	|015	|	|
018	|006	|000	|	|
019	|001	|000	|	|
020	|000	|004	|	|
021	|019	|000	|	|
022	|000	|007	|	|
023	|000	|002	|	|
024	|013	|000	|	|
025	|003	|000	|	|
026	|000	|011	|	|
027	|018	|000	|	|
028	|000	|008	|	|
029	|000	|003	|	|
030	|007	|000	|	|
031	|000	|006	|	|
032	|008	|000	|	|
033	|000	|017	|	|
034	|005	|000	|	|
035	|000	|018	|	|
036	|009	|000	|	|
037	|000	|016	|	|
038	|020	|000	|	|
039	|000	|013	|	|
040	|016	|000	|	|