cnd#	|left	|right	|test1	|test2		totalconditions=432
001	|001	|013	|	|
002	|016	|007	|	|
003	|013	|012	|	|
004	|012	|018	|	|
005	|010	|005	|	|
006	|014	|010	|	|
007	|011	|004	|	|
008	|008	|005	|	|
009	|005	|011	|	|
010	|003	|007	|	|
011	|031	|020	|	|
012	|021	|034	|	|
013	|024	|025	|	|
014	|031	|028	|	|
015	|033	|030	|	|
016	|034	|019	|	|
017	|027	|024	|	|
018	|029	|035	|	|
019	|027	|031	|	|
020	|032	|020	|	|
021	|010	|013	|	|
022	|013	|003	|	|
023	|014	|005	|	|
024	|011	|014	|	|
025	|002	|015	|	|
026	|009	|013	|	|
027	|006	|018	|	|
028	|009	|017	|	|
029	|008	|015	|	|
030	|004	|007	|	|
031	|025	|019	|	|
032	|025	|031	|	|
033	|027	|019	|	|
034	|036	|028	|	|
035	|035	|029	|	|
036	|023	|025	|	|
037	|032	|030	|	|
038	|035	|024	|	|
039	|030	|023	|	|
040	|026	|033	|	|
041	|011	|002	|	|
042	|012	|005	|	|
043	|011	|001	|	|
044	|005	|013	|	|
045	|016	|005	|	|
046	|010	|015	|	|
047	|003	|017	|	|
048	|014	|011	|	|
049	|014	|002	|	|
050	|001	|018	|	|
051	|025	|022	|	|
052	|026	|022	|	|
053	|029	|023	|	|
054	|021	|033	|	|
055	|034	|020	|	|
056	|030	|032	|	|
057	|022	|028	|	|
058	|028	|023	|	|
059	|029	|034	|	|
060	|029	|033	|	|
061	|006	|007	|	|
062	|012	|001	|	|
063	|010	|001	|	|
064	|006	|011	|	|
065	|015	|008	|	|
066	|001	|017	|	|
067	|012	|015	|	|
068	|011	|017	|	|
069	|001	|014	|	|
070	|008	|001	|	|
071	|034	|023	|	|
072	|031	|029	|	|
073	|023	|027	|	|
074	|026	|034	|	|
075	|036	|024	|	|
076	|020	|026	|	|
077	|021	|035	|	|
078	|027	|035	|	|
079	|020	|036	|	|
080	|023	|027	|	|
081	|012	|006	|	|
082	|007	|017	|	|
083	|012	|002	|	|
084	|017	|010	|	|
085	|013	|006	|	|
086	|008	|017	|	|
087	|017	|004	|	|
088	|001	|015	|	|
089	|014	|004	|	|
090	|007	|005	|	|
091	|022	|029	|	|
092	|034	|022	|	|
093	|022	|033	|	|
094	|026	|035	|	|
095	|033	|019	|	|
096	|020	|029	|	|
097	|025	|020	|	|
098	|022	|033	|	|
099	|029	|019	|	|
100	|023	|028	|	|
101	|006	|012	|	|
102	|006	|014	|	|
103	|016	|006	|	|
104	|017	|012	|	|
105	|016	|004	|	|
106	|017	|005	|	|
107	|006	|009	|	|
108	|013	|005	|	|
109	|008	|014	|	|
110	|016	|001	|	|
111	|032	|023	|	|
112	|027	|021	|	|
113	|032	|028	|	|
114	|032	|026	|	|
115	|024	|026	|	|
116	|021	|029	|	|
117	|036	|022	|	|
118	|028	|032	|	|
119	|029	|020	|	|
120	|032	|023	|	|
121	|002	|009	|	|
122	|015	|002	|	|
123	|012	|004	|	|
124	|008	|004	|	|
125	|017	|001	|	|
126	|015	|001	|	|
127	|016	|003	|	|
128	|011	|016	|	|
129	|006	|015	|	|
130	|004	|008	|	|
131	|029	|036	|	|
132	|036	|030	|	|
133	|029	|024	|	|
134	|033	|025	|	|
135	|028	|024	|	|
136	|035	|022	|	|
137	|024	|031	|	|
138	|022	|035	|	|
139	|021	|031	|	|
140	|036	|020	|	|
141	|004	|015	|	|
142	|009	|005	|	|
143	|014	|003	|	|
144	|010	|016	|	|
145	|018	|012	|	|
146	|014	|001	|	|
147	|003	|011	|	|
148	|014	|003	|	|
149	|010	|004	|	|
150	|009	|015	|	|
151	|022	|026	|	|
152	|022	|030	|	|
153	|036	|029	|	|
154	|033	|027	|	|
155	|028	|033	|	|
156	|025	|032	|	|
157	|024	|034	|	|
158	|022	|026	|	|
159	|024	|032	|	|
160	|026	|036	|	|
161	|002	|017	|	|
162	|008	|018	|	|
163	|015	|011	|	|
164	|004	|011	|	|
165	|013	|007	|	|
166	|018	|008	|	|
167	|004	|018	|	|
168	|003	|014	|	|
169	|018	|006	|	|
170	|002	|013	|	|
171	|027	|022	|	|
172	|031	|021	|	|
173	|035	|021	|	|
174	|031	|025	|	|
175	|035	|025	|	|
176	|031	|027	|	|
177	|027	|023	|	|
178	|026	|023	|	|
179	|020	|030	|	|
180	|028	|020	|	|
181	|007	|015	|	|
182	|007	|018	|	|
183	|009	|002	|	|
184	|007	|004	|	|
185	|018	|004	|	|
186	|008	|013	|	|
187	|011	|015	|	|
188	|009	|004	|	|
189	|002	|007	|	|
190	|003	|018	|	|
191	|030	|033	|	|
192	|020	|031	|	|
193	|021	|026	|	|
194	|025	|024	|	|
195	|036	|026	|	|
196	|022	|036	|	|
197	|034	|029	|	|
198	|030	|033	|	|
199	|019	|036	|	|
200	|024	|036	|	|
201	|018	|007	|	|
202	|008	|016	|	|
203	|018	|011	|	|
204	|005	|016	|	|
205	|003	|009	|	|
206	|018	|001	|	|
207	|001	|007	|	|
208	|016	|009	|	|
209	|013	|010	|	|
210	|007	|002	|	|
211	|019	|028	|	|
212	|024	|030	|	|
213	|020	|025	|	|
214	|034	|024	|	|
215	|034	|025	|	|
216	|021	|027	|	|
217	|028	|031	|	|
218	|022	|032	|	|
219	|036	|025	|	|
220	|020	|032	|	|
221	|010	|017	|	|
222	|015	|010	|	|
223	|002	|014	|	|
224	|016	|008	|	|
225	|006	|010	|	|
226	|016	|012	|	|
227	|013	|009	|	|
228	|001	|008	|	|
229	|003	|016	|	|
230	|008	|002	|	|
231	|023	|026	|	|
232	|026	|021	|	|
233	|024	|029	|	|
234	|030	|034	|	|
235	|025	|021	|	|
236	|026	|031	|	|
237	|035	|019	|	|
238	|025	|033	|	|
239	|032	|021	|	|
240	|025	|035	|	|
241	|005	|012	|	|
242	|012	|016	|	|
243	|009	|014	|	|
244	|007	|014	|	|
245	|015	|009	|	|
246	|015	|012	|	|
247	|001	|009	|	|
248	|010	|014	|	|
249	|005	|010	|	|
250	|018	|005	|	|
251	|026	|032	|	|
252	|028	|034	|	|
253	|029	|031	|	|
254	|036	|023	|	|
255	|033	|020	|	|
256	|021	|036	|	|
257	|032	|029	|	|
258	|023	|029	|	|
259	|035	|028	|	|
260	|028	|021	|	|
261	|006	|017	|	|
262	|017	|003	|	|
263	|005	|018	|	|
264	|015	|006	|	|
265	|009	|018	|	|
266	|013	|002	|	|
267	|002	|010	|	|
268	|007	|001	|	|
269	|014	|012	|	|
270	|017	|009	|	|
271	|019	|034	|	|
272	|024	|027	|	|
273	|032	|027	|	|
274	|032	|022	|	|
275	|019	|025	|	|
276	|030	|031	|	|
277	|023	|031	|	|
278	|019	|027	|	|
279	|028	|019	|	|
280	|019	|029	|	|
281	|005	|017	|	|
282	|005	|007	|	|
283	|005	|009	|	|
284	|013	|008	|	|
285	|005	|017	|	|
286	|005	|017	|	|
287	|010	|006	|	|
288	|015	|005	|	|
289	|003	|015	|	|
290	|015	|005	|	|
291	|022	|031	|	|
292	|020	|034	|	|
293	|034	|027	|	|
294	|028	|022	|	|
295	|021	|030	|	|
296	|031	|030	|	|
297	|030	|022	|	|
298	|035	|023	|	|
299	|034	|027	|	|
300	|029	|022	|	|
301	|004	|012	|	|
302	|017	|007	|	|
303	|002	|018	|	|
304	|017	|006	|	|
305	|001	|010	|	|
306	|011	|018	|	|
307	|013	|004	|	|
308	|001	|016	|	|
309	|005	|008	|	|
310	|010	|018	|	|
311	|023	|033	|	|
312	|034	|028	|	|
313	|032	|024	|	|
314	|019	|033	|	|
315	|027	|032	|	|
316	|033	|022	|	|
317	|032	|019	|	|
318	|033	|024	|	|
319	|029	|032	|	|
320	|033	|023	|	|
321	|014	|008	|	|
322	|018	|003	|	|
323	|018	|010	|	|
324	|014	|008	|	|
325	|005	|015	|	|
326	|014	|007	|	|
327	|015	|004	|	|
328	|003	|012	|	|
329	|015	|003	|	|
330	|015	|007	|	|
331	|034	|026	|	|
332	|030	|019	|	|
333	|033	|029	|	|
334	|034	|030	|	|
335	|035	|027	|	|
336	|020	|033	|	|
337	|030	|019	|	|
338	|035	|020	|	|
339	|020	|028	|	|
340	|027	|036	|	|
341	|007	|003	|	|
342	|009	|016	|	|
343	|003	|010	|	|
344	|017	|002	|	|
345	|006	|008	|	|
346	|012	|017	|	|
347	|013	|011	|	|
348	|010	|003	|	|
349	|006	|013	|	|
350	|012	|013	|	|
351	|022	|027	|	|
352	|019	|032	|	|
353	|032	|025	|	|
354	|024	|028	|	|
355	|025	|034	|	|
356	|030	|035	|	|
357	|023	|032	|	|
358	|019	|032	|	|
359	|026	|020	|	|
360	|028	|035	|	|
361	|006	|016	|	|
362	|011	|005	|	|
363	|017	|008	|	|
364	|006	|016	|	|
365	|017	|008	|	|
366	|016	|002	|	|
367	|002	|011	|	|
368	|018	|002	|	|
369	|002	|011	|	|
370	|008	|006	|	|
371	|029	|021	|	|
372	|026	|024	|	|
373	|022	|034	|	|
374	|027	|033	|	|
375	|020	|035	|	|
376	|020	|027	|	|
377	|027	|034	|	|
378	|036	|021	|	|
379	|028	|036	|	|
380	|022	|034	|	|
381	|004	|010	|	|
382	|014	|006	|	|
383	|001	|011	|	|
384	|004	|009	|	|
385	|003	|008	|	|
386	|004	|009	|	|
387	|012	|014	|	|
388	|007	|016	|	|
389	|007	|013	|	|
390	|010	|002	|	|
391	|024	|033	|	|
392	|031	|022	|	|
393	|021	|025	|	|
394	|026	|019	|	|
395	|019	|031	|	|
396	|031	|019	|	|
397	|021	|028	|	|
398	|023	|036	|	|
399	|021	|028	|	|
400	|024	|035	|	|
401	|008	|003	|	|
402	|011	|003	|	|
403	|007	|006	|	|
404	|011	|003	|	|
405	|014	|009	|	|
406	|009	|001	|	|
407	|003	|013	|	|
408	|007	|006	|	|
409	|004	|017	|	|
410	|009	|001	|	|
411	|030	|036	|	|
412	|031	|023	|	|
413	|034	|021	|	|
414	|019	|030	|	|
415	|030	|021	|	|
416	|025	|036	|	|
417	|034	|021	|	|
418	|034	|021	|	|
419	|036	|027	|	|
420	|023	|034	|	|
421	|011	|006	|	|
422	|012	|003	|	|
423	|013	|001	|	|
424	|016	|010	|	|
425	|016	|010	|	|
426	|011	|006	|	|
427	|013	|001	|	|
428	|002	|016	|	|
429	|009	|006	|	|
430	|002	|012	|	|
431	|019	|035	|	|
432	|033	|026	|	|