cnd#	|left	|right	|test1	|test2		totalconditions=432
001	|008	|004	|	|
002	|004	|014	|	|
003	|010	|002	|	|
004	|016	|006	|	|
005	|014	|009	|	|
006	|017	|005	|	|
007	|007	|001	|	|
008	|015	|012	|	|
009	|003	|010	|	|
010	|003	|016	|	|
011	|022	|033	|	|
012	|020	|028	|	|
013	|035	|024	|	|
014	|030	|033	|	|
015	|020	|029	|	|
016	|035	|029	|	|
017	|034	|021	|	|
018	|036	|022	|	|
019	|025	|021	|	|
020	|034	|023	|	|
021	|010	|018	|	|
022	|005	|010	|	|
023	|007	|016	|	|
024	|001	|017	|	|
025	|017	|006	|	|
026	|001	|010	|	|
027	|004	|015	|	|
028	|008	|003	|	|
029	|003	|009	|	|
030	|016	|009	|	|
031	|029	|032	|	|
032	|035	|020	|	|
033	|036	|029	|	|
034	|028	|031	|	|
035	|029	|022	|	|
036	|028	|024	|	|
037	|033	|021	|	|
038	|021	|036	|	|
039	|033	|025	|	|
040	|031	|029	|	|
041	|007	|014	|	|
042	|010	|013	|	|
043	|001	|009	|	|
044	|011	|017	|	|
045	|012	|004	|	|
046	|012	|014	|	|
047	|007	|002	|	|
048	|004	|011	|	|
049	|017	|012	|	|
050	|016	|010	|	|
051	|021	|031	|	|
052	|031	|022	|	|
053	|027	|035	|	|
054	|021	|026	|	|
055	|028	|032	|	|
056	|023	|036	|	|
057	|030	|021	|	|
058	|033	|023	|	|
059	|019	|036	|	|
060	|025	|035	|	|
061	|018	|009	|	|
062	|013	|002	|	|
063	|004	|010	|	|
064	|003	|015	|	|
065	|014	|012	|	|
066	|015	|010	|	|
067	|013	|005	|	|
068	|018	|004	|	|
069	|014	|002	|	|
070	|018	|012	|	|
071	|026	|019	|	|
072	|028	|021	|	|
073	|029	|034	|	|
074	|026	|032	|	|
075	|029	|019	|	|
076	|036	|025	|	|
077	|021	|035	|	|
078	|036	|026	|	|
079	|034	|025	|	|
080	|032	|020	|	|
081	|010	|017	|	|
082	|002	|010	|	|
083	|013	|004	|	|
084	|010	|015	|	|
085	|010	|004	|	|
086	|015	|006	|	|
087	|017	|002	|	|
088	|016	|004	|	|
089	|004	|013	|	|
090	|001	|018	|	|
091	|019	|030	|	|
092	|027	|020	|	|
093	|022	|032	|	|
094	|035	|027	|	|
095	|036	|021	|	|
096	|034	|028	|	|
097	|022	|036	|	|
098	|032	|019	|	|
099	|027	|019	|	|
100	|033	|027	|	|
101	|001	|016	|	|
102	|014	|005	|	|
103	|015	|011	|	|
104	|018	|011	|	|
105	|009	|015	|	|
106	|015	|003	|	|
107	|013	|009	|	|
108	|007	|004	|	|
109	|008	|018	|	|
110	|006	|011	|	|
111	|036	|028	|	|
112	|023	|027	|	|
113	|023	|025	|	|
114	|019	|035	|	|
115	|020	|034	|	|
116	|032	|022	|	|
117	|020	|034	|	|
118	|026	|022	|	|
119	|019	|026	|	|
120	|033	|019	|	|
121	|007	|005	|	|
122	|010	|003	|	|
123	|010	|014	|	|
124	|005	|018	|	|
125	|001	|008	|	|
126	|012	|016	|	|
127	|002	|007	|	|
128	|003	|013	|	|
129	|007	|005	|	|
130	|003	|008	|	|
131	|035	|021	|	|
132	|032	|024	|	|
133	|024	|027	|	|
134	|021	|030	|	|
135	|035	|028	|	|
136	|032	|030	|	|
137	|031	|020	|	|
138	|031	|021	|	|
139	|024	|026	|	|
140	|031	|027	|	|
141	|002	|018	|	|
142	|002	|014	|	|
143	|005	|016	|	|
144	|008	|002	|	|
145	|011	|014	|	|
146	|008	|013	|	|
147	|008	|014	|	|
148	|008	|006	|	|
149	|002	|012	|	|
150	|009	|014	|	|
151	|032	|026	|	|
152	|035	|022	|	|
153	|030	|032	|	|
154	|019	|033	|	|
155	|031	|024	|	|
156	|020	|026	|	|
157	|020	|032	|	|
158	|032	|029	|	|
159	|023	|033	|	|
160	|035	|026	|	|
161	|005	|011	|	|
162	|017	|009	|	|
163	|007	|017	|	|
164	|009	|017	|	|
165	|011	|018	|	|
166	|010	|001	|	|
167	|002	|009	|	|
168	|005	|017	|	|
169	|018	|007	|	|
170	|002	|017	|	|
171	|022	|034	|	|
172	|030	|024	|	|
173	|025	|019	|	|
174	|033	|022	|	|
175	|022	|034	|	|
176	|023	|030	|	|
177	|024	|025	|	|
178	|029	|035	|	|
179	|020	|033	|	|
180	|023	|034	|	|
181	|006	|014	|	|
182	|017	|008	|	|
183	|017	|008	|	|
184	|005	|012	|	|
185	|007	|015	|	|
186	|006	|008	|	|
187	|008	|001	|	|
188	|015	|004	|	|
189	|001	|011	|	|
190	|007	|015	|	|
191	|028	|035	|	|
192	|020	|030	|	|
193	|036	|024	|	|
194	|021	|025	|	|
195	|020	|030	|	|
196	|023	|035	|	|
197	|024	|029	|	|
198	|025	|036	|	|
199	|021	|028	|	|
200	|028	|020	|	|
201	|017	|011	|	|
202	|012	|001	|	|
203	|018	|003	|	|
204	|017	|001	|	|
205	|012	|001	|	|
206	|012	|003	|	|
207	|014	|006	|	|
208	|005	|015	|	|
209	|015	|001	|	|
210	|004	|009	|	|
211	|020	|031	|	|
212	|020	|025	|	|
213	|026	|024	|	|
214	|026	|031	|	|
215	|025	|031	|	|
216	|026	|024	|	|
217	|020	|025	|	|
218	|034	|030	|	|
219	|033	|020	|	|
220	|021	|033	|	|
221	|016	|002	|	|
222	|004	|017	|	|
223	|010	|005	|	|
224	|009	|001	|	|
225	|012	|015	|	|
226	|002	|015	|	|
227	|018	|006	|	|
228	|013	|011	|	|
229	|017	|010	|	|
230	|005	|009	|	|
231	|022	|028	|	|
232	|022	|029	|	|
233	|024	|028	|	|
234	|029	|023	|	|
235	|025	|020	|	|
236	|030	|036	|	|
237	|020	|036	|	|
238	|029	|020	|	|
239	|023	|026	|	|
240	|027	|024	|	|
241	|009	|005	|	|
242	|006	|015	|	|
243	|011	|001	|	|
244	|005	|007	|	|
245	|005	|007	|	|
246	|006	|007	|	|
247	|017	|003	|	|
248	|008	|005	|	|
249	|009	|006	|	|
250	|016	|001	|	|
251	|026	|021	|	|
252	|035	|030	|	|
253	|025	|034	|	|
254	|019	|028	|	|
255	|019	|029	|	|
256	|021	|027	|	|
257	|031	|028	|	|
258	|030	|023	|	|
259	|030	|023	|	|
260	|028	|033	|	|
261	|012	|013	|	|
262	|004	|018	|	|
263	|006	|016	|	|
264	|015	|008	|	|
265	|018	|010	|	|
266	|004	|016	|	|
267	|005	|013	|	|
268	|013	|008	|	|
269	|016	|012	|	|
270	|002	|008	|	|
271	|025	|024	|	|
272	|020	|035	|	|
273	|027	|022	|	|
274	|022	|027	|	|
275	|033	|026	|	|
276	|031	|030	|	|
277	|024	|035	|	|
278	|029	|021	|	|
279	|022	|035	|	|
280	|029	|033	|	|
281	|001	|012	|	|
282	|014	|011	|	|
283	|001	|013	|	|
284	|010	|006	|	|
285	|011	|006	|	|
286	|006	|018	|	|
287	|003	|018	|	|
288	|015	|007	|	|
289	|011	|005	|	|
290	|013	|010	|	|
291	|033	|024	|	|
292	|019	|034	|	|
293	|036	|019	|	|
294	|030	|034	|	|
295	|036	|027	|	|
296	|022	|025	|	|
297	|029	|024	|	|
298	|032	|025	|	|
299	|028	|023	|	|
300	|036	|030	|	|
301	|013	|001	|	|
302	|012	|006	|	|
303	|002	|016	|	|
304	|011	|002	|	|
305	|004	|012	|	|
306	|016	|005	|	|
307	|017	|007	|	|
308	|015	|009	|	|
309	|017	|004	|	|
310	|014	|010	|	|
311	|025	|033	|	|
312	|026	|034	|	|
313	|031	|019	|	|
314	|027	|033	|	|
315	|033	|030	|	|
316	|028	|019	|	|
317	|025	|022	|	|
318	|022	|030	|	|
319	|025	|022	|	|
320	|028	|036	|	|
321	|013	|006	|	|
322	|003	|011	|	|
323	|012	|005	|	|
324	|011	|015	|	|
325	|006	|009	|	|
326	|012	|002	|	|
327	|014	|007	|	|
328	|006	|013	|	|
329	|002	|011	|	|
330	|009	|013	|	|
331	|024	|034	|	|
332	|022	|026	|	|
333	|034	|026	|	|
334	|026	|036	|	|
335	|034	|029	|	|
336	|024	|036	|	|
337	|026	|033	|	|
338	|034	|019	|	|
339	|030	|020	|	|
340	|034	|026	|	|
341	|003	|012	|	|
342	|001	|007	|	|
343	|001	|007	|	|
344	|006	|012	|	|
345	|018	|005	|	|
346	|005	|014	|	|
347	|014	|003	|	|
348	|009	|002	|	|
349	|016	|003	|	|
350	|001	|014	|	|
351	|031	|023	|	|
352	|035	|023	|	|
353	|023	|028	|	|
354	|024	|030	|	|
355	|031	|023	|	|
356	|029	|031	|	|
357	|022	|031	|	|
358	|024	|033	|	|
359	|026	|035	|	|
360	|022	|031	|	|
361	|003	|007	|	|
362	|004	|008	|	|
363	|006	|017	|	|
364	|015	|002	|	|
365	|014	|008	|	|
366	|011	|013	|	|
367	|002	|013	|	|
368	|012	|018	|	|
369	|003	|007	|	|
370	|006	|010	|	|
371	|032	|027	|	|
372	|021	|034	|	|
373	|032	|028	|	|
374	|032	|021	|	|
375	|033	|028	|	|
376	|030	|019	|	|
377	|034	|027	|	|
378	|030	|035	|	|
379	|028	|034	|	|
380	|034	|020	|	|
381	|014	|004	|	|
382	|011	|004	|	|
383	|015	|005	|	|
384	|010	|016	|	|
385	|018	|008	|	|
386	|016	|008	|	|
387	|016	|008	|	|
388	|015	|005	|	|
389	|016	|011	|	|
390	|007	|006	|	|
391	|028	|022	|	|
392	|019	|027	|	|
393	|036	|020	|	|
394	|028	|022	|	|
395	|027	|023	|	|
396	|036	|020	|	|
397	|023	|031	|	|
398	|030	|022	|	|
399	|030	|031	|	|
400	|019	|032	|	|
401	|013	|012	|	|
402	|007	|018	|	|
403	|011	|016	|	|
404	|016	|007	|	|
405	|004	|007	|	|
406	|007	|003	|	|
407	|018	|001	|	|
408	|001	|015	|	|
409	|007	|003	|	|
410	|007	|003	|	|
411	|019	|031	|	|
412	|027	|034	|	|
413	|020	|027	|	|
414	|033	|029	|	|
415	|021	|032	|	|
416	|027	|036	|	|
417	|034	|024	|	|
418	|035	|025	|	|
419	|034	|022	|	|
420	|026	|020	|	|
421	|013	|007	|	|
422	|005	|008	|	|
423	|009	|016	|	|
424	|005	|008	|	|
425	|008	|017	|	|
426	|005	|008	|	|
427	|008	|015	|	|
428	|014	|001	|	|
429	|008	|017	|	|
430	|013	|003	|	|
431	|032	|023	|	|
432	|025	|032	|	|