cnd#	|left	|right	|test1	|test2		totalconditions=432
001	|004	|016	|	|
002	|001	|015	|	|
003	|018	|006	|	|
004	|015	|008	|	|
005	|001	|014	|	|
006	|003	|013	|	|
007	|007	|006	|	|
008	|016	|005	|	|
009	|007	|005	|	|
010	|002	|011	|	|
011	|034	|024	|	|
012	|032	|025	|	|
013	|034	|021	|	|
014	|021	|027	|	|
015	|028	|020	|	|
016	|032	|021	|	|
017	|021	|036	|	|
018	|029	|023	|	|
019	|022	|033	|	|
020	|023	|029	|	|
021	|018	|001	|	|
022	|007	|015	|	|
023	|008	|013	|	|
024	|015	|001	|	|
025	|008	|004	|	|
026	|017	|002	|	|
027	|011	|003	|	|
028	|016	|006	|	|
029	|016	|012	|	|
030	|002	|016	|	|
031	|030	|031	|	|
032	|020	|027	|	|
033	|028	|021	|	|
034	|019	|030	|	|
035	|031	|021	|	|
036	|036	|025	|	|
037	|033	|027	|	|
038	|029	|022	|	|
039	|020	|029	|	|
040	|029	|036	|	|
041	|005	|015	|	|
042	|002	|010	|	|
043	|009	|005	|	|
044	|001	|007	|	|
045	|005	|009	|	|
046	|006	|014	|	|
047	|008	|001	|	|
048	|007	|002	|	|
049	|002	|014	|	|
050	|018	|012	|	|
051	|019	|036	|	|
052	|031	|020	|	|
053	|019	|031	|	|
054	|031	|028	|	|
055	|022	|036	|	|
056	|024	|033	|	|
057	|019	|028	|	|
058	|028	|032	|	|
059	|033	|028	|	|
060	|020	|025	|	|
061	|017	|009	|	|
062	|002	|007	|	|
063	|014	|011	|	|
064	|008	|003	|	|
065	|003	|008	|	|
066	|018	|008	|	|
067	|015	|006	|	|
068	|009	|015	|	|
069	|012	|004	|	|
070	|011	|015	|	|
071	|032	|028	|	|
072	|030	|024	|	|
073	|021	|031	|	|
074	|030	|021	|	|
075	|029	|032	|	|
076	|029	|031	|	|
077	|026	|024	|	|
078	|030	|024	|	|
079	|028	|034	|	|
080	|034	|022	|	|
081	|013	|004	|	|
082	|013	|008	|	|
083	|008	|018	|	|
084	|002	|013	|	|
085	|014	|006	|	|
086	|015	|012	|	|
087	|018	|009	|	|
088	|015	|003	|	|
089	|016	|001	|	|
090	|011	|016	|	|
091	|026	|033	|	|
092	|030	|023	|	|
093	|020	|026	|	|
094	|020	|028	|	|
095	|030	|022	|	|
096	|030	|020	|	|
097	|025	|032	|	|
098	|019	|029	|	|
099	|021	|025	|	|
100	|025	|035	|	|
101	|014	|001	|	|
102	|006	|007	|	|
103	|013	|002	|	|
104	|016	|011	|	|
105	|012	|003	|	|
106	|014	|007	|	|
107	|006	|018	|	|
108	|003	|010	|	|
109	|006	|007	|	|
110	|001	|017	|	|
111	|033	|025	|	|
112	|034	|023	|	|
113	|029	|034	|	|
114	|026	|020	|	|
115	|021	|028	|	|
116	|029	|021	|	|
117	|031	|019	|	|
118	|026	|036	|	|
119	|020	|035	|	|
120	|022	|030	|	|
121	|007	|001	|	|
122	|012	|001	|	|
123	|006	|009	|	|
124	|017	|011	|	|
125	|008	|006	|	|
126	|013	|011	|	|
127	|017	|012	|	|
128	|012	|001	|	|
129	|004	|018	|	|
130	|018	|002	|	|
131	|036	|019	|	|
132	|025	|020	|	|
133	|027	|034	|	|
134	|027	|021	|	|
135	|033	|022	|	|
136	|024	|031	|	|
137	|025	|022	|	|
138	|027	|019	|	|
139	|034	|030	|	|
140	|035	|027	|	|
141	|016	|002	|	|
142	|003	|011	|	|
143	|009	|006	|	|
144	|006	|008	|	|
145	|010	|017	|	|
146	|010	|003	|	|
147	|011	|018	|	|
148	|006	|008	|	|
149	|017	|006	|	|
150	|009	|017	|	|
151	|030	|019	|	|
152	|035	|025	|	|
153	|023	|033	|	|
154	|019	|027	|	|
155	|035	|026	|	|
156	|028	|022	|	|
157	|030	|034	|	|
158	|029	|024	|	|
159	|034	|029	|	|
160	|027	|020	|	|
161	|009	|014	|	|
162	|003	|016	|	|
163	|005	|017	|	|
164	|001	|018	|	|
165	|005	|008	|	|
166	|015	|011	|	|
167	|010	|014	|	|
168	|015	|005	|	|
169	|016	|007	|	|
170	|005	|017	|	|
171	|032	|027	|	|
172	|028	|023	|	|
173	|022	|027	|	|
174	|034	|020	|	|
175	|019	|033	|	|
176	|021	|032	|	|
177	|033	|019	|	|
178	|027	|036	|	|
179	|035	|022	|	|
180	|022	|027	|	|
181	|009	|016	|	|
182	|017	|005	|	|
183	|002	|018	|	|
184	|006	|011	|	|
185	|008	|017	|	|
186	|002	|008	|	|
187	|015	|002	|	|
188	|017	|001	|	|
189	|001	|011	|	|
190	|018	|007	|	|
191	|036	|027	|	|
192	|021	|033	|	|
193	|024	|035	|	|
194	|032	|019	|	|
195	|019	|034	|	|
196	|020	|034	|	|
197	|025	|033	|	|
198	|024	|030	|	|
199	|021	|026	|	|
200	|020	|030	|	|
201	|004	|013	|	|
202	|016	|003	|	|
203	|009	|013	|	|
204	|017	|007	|	|
205	|001	|012	|	|
206	|004	|007	|	|
207	|007	|003	|	|
208	|018	|004	|	|
209	|010	|015	|	|
210	|004	|009	|	|
211	|026	|023	|	|
212	|023	|025	|	|
213	|026	|035	|	|
214	|033	|021	|	|
215	|035	|020	|	|
216	|034	|025	|	|
217	|034	|019	|	|
218	|035	|024	|	|
219	|036	|022	|	|
220	|033	|029	|	|
221	|006	|017	|	|
222	|001	|013	|	|
223	|014	|004	|	|
224	|010	|001	|	|
225	|017	|004	|	|
226	|008	|014	|	|
227	|011	|013	|	|
228	|003	|015	|	|
229	|002	|017	|	|
230	|007	|013	|	|
231	|035	|029	|	|
232	|030	|035	|	|
233	|019	|032	|	|
234	|032	|026	|	|
235	|027	|023	|	|
236	|023	|030	|	|
237	|027	|023	|	|
238	|020	|031	|	|
239	|035	|023	|	|
240	|025	|019	|	|
241	|010	|002	|	|
242	|011	|002	|	|
243	|010	|002	|	|
244	|014	|005	|	|
245	|001	|009	|	|
246	|013	|001	|	|
247	|006	|013	|	|
248	|005	|012	|	|
249	|013	|005	|	|
250	|012	|017	|	|
251	|024	|027	|	|
252	|022	|026	|	|
253	|033	|023	|	|
254	|026	|031	|	|
255	|028	|024	|	|
256	|030	|032	|	|
257	|032	|022	|	|
258	|028	|024	|	|
259	|036	|024	|	|
260	|030	|032	|	|
261	|012	|006	|	|
262	|013	|009	|	|
263	|003	|012	|	|
264	|012	|005	|	|
265	|004	|014	|	|
266	|007	|018	|	|
267	|009	|003	|	|
268	|007	|016	|	|
269	|008	|015	|	|
270	|012	|006	|	|
271	|021	|035	|	|
272	|028	|033	|	|
273	|035	|030	|	|
274	|033	|020	|	|
275	|036	|029	|	|
276	|019	|035	|	|
277	|033	|020	|	|
278	|025	|023	|	|
279	|032	|024	|	|
280	|022	|032	|	|
281	|002	|015	|	|
282	|011	|006	|	|
283	|013	|007	|	|
284	|007	|017	|	|
285	|012	|018	|	|
286	|004	|008	|	|
287	|016	|008	|	|
288	|017	|010	|	|
289	|012	|013	|	|
290	|013	|007	|	|
291	|036	|023	|	|
292	|023	|032	|	|
293	|036	|026	|	|
294	|022	|035	|	|
295	|026	|019	|	|
296	|033	|026	|	|
297	|024	|025	|	|
298	|031	|024	|	|
299	|021	|030	|	|
300	|023	|028	|	|
301	|014	|010	|	|
302	|005	|014	|	|
303	|014	|012	|	|
304	|011	|017	|	|
305	|004	|010	|	|
306	|008	|016	|	|
307	|003	|018	|	|
308	|008	|016	|	|
309	|004	|017	|	|
310	|018	|003	|	|
311	|034	|027	|	|
312	|036	|028	|	|
313	|027	|033	|	|
314	|029	|020	|	|
315	|021	|034	|	|
316	|019	|025	|	|
317	|031	|023	|	|
318	|023	|034	|	|
319	|033	|024	|	|
320	|022	|028	|	|
321	|018	|005	|	|
322	|014	|002	|	|
323	|002	|009	|	|
324	|010	|018	|	|
325	|007	|014	|	|
326	|005	|007	|	|
327	|003	|014	|	|
328	|003	|017	|	|
329	|002	|012	|	|
330	|005	|010	|	|
331	|025	|036	|	|
332	|031	|026	|	|
333	|028	|019	|	|
334	|032	|023	|	|
335	|025	|024	|	|
336	|025	|036	|	|
337	|024	|032	|	|
338	|026	|034	|	|
339	|026	|032	|	|
340	|024	|029	|	|
341	|011	|014	|	|
342	|009	|001	|	|
343	|014	|003	|	|
344	|010	|016	|	|
345	|004	|011	|	|
346	|006	|015	|	|
347	|014	|008	|	|
348	|012	|014	|	|
349	|001	|016	|	|
350	|015	|004	|	|
351	|031	|030	|	|
352	|026	|021	|	|
353	|027	|024	|	|
354	|030	|033	|	|
355	|032	|030	|	|
356	|022	|025	|	|
357	|036	|021	|	|
358	|026	|021	|	|
359	|022	|029	|	|
360	|020	|032	|	|
361	|006	|010	|	|
362	|016	|004	|	|
363	|005	|018	|	|
364	|006	|012	|	|
365	|005	|011	|	|
366	|011	|001	|	|
367	|007	|004	|	|
368	|016	|009	|	|
369	|001	|008	|	|
370	|005	|011	|	|
371	|027	|032	|	|
372	|023	|036	|	|
373	|020	|036	|	|
374	|023	|027	|	|
375	|024	|026	|	|
376	|031	|022	|	|
377	|034	|026	|	|
378	|031	|029	|	|
379	|032	|029	|	|
380	|019	|026	|	|
381	|017	|003	|	|
382	|013	|012	|	|
383	|017	|003	|	|
384	|009	|002	|	|
385	|006	|016	|	|
386	|005	|016	|	|
387	|012	|016	|	|
388	|006	|016	|	|
389	|012	|016	|	|
390	|010	|004	|	|
391	|036	|030	|	|
392	|032	|020	|	|
393	|031	|025	|	|
394	|025	|031	|	|
395	|035	|019	|	|
396	|025	|031	|	|
397	|020	|033	|	|
398	|024	|036	|	|
399	|024	|028	|	|
400	|030	|036	|	|
401	|013	|010	|	|
402	|009	|004	|	|
403	|018	|011	|	|
404	|013	|010	|	|
405	|009	|018	|	|
406	|018	|011	|	|
407	|012	|015	|	|
408	|010	|013	|	|
409	|013	|010	|	|
410	|015	|010	|	|
411	|034	|028	|	|
412	|024	|034	|	|
413	|034	|028	|	|
414	|021	|029	|	|
415	|021	|029	|	|
416	|027	|035	|	|
417	|033	|030	|	|
418	|023	|035	|	|
419	|028	|035	|	|
420	|029	|033	|	|
421	|008	|002	|	|
422	|008	|005	|	|
423	|008	|005	|	|
424	|018	|010	|	|
425	|004	|012	|	|
426	|003	|009	|	|
427	|015	|009	|	|
428	|012	|002	|	|
429	|015	|009	|	|
430	|014	|009	|	|
431	|029	|035	|	|
432	|023	|026	|	|