cnd#	|left	|right	|test1	|test2		totalconditions=432
001	|032	|019	|	|
002	|034	|030	|	|
003	|023	|027	|	|
004	|004	|018	|	|
005	|009	|005	|	|
006	|022	|032	|	|
007	|026	|023	|	|
008	|005	|009	|	|
009	|014	|007	|	|
010	|029	|031	|	|
011	|008	|013	|	|
012	|015	|002	|	|
013	|011	|005	|	|
014	|028	|024	|	|
015	|021	|026	|	|
016	|023	|036	|	|
017	|016	|008	|	|
018	|027	|031	|	|
019	|036	|022	|	|
020	|006	|008	|	|
021	|016	|003	|	|
022	|004	|016	|	|
023	|034	|027	|	|
024	|008	|015	|	|
025	|020	|025	|	|
026	|018	|003	|	|
027	|018	|012	|	|
028	|021	|033	|	|
029	|007	|004	|	|
030	|002	|009	|	|
031	|027	|033	|	|
032	|034	|028	|	|
033	|026	|021	|	|
034	|004	|015	|	|
035	|011	|015	|	|
036	|032	|021	|	|
037	|028	|022	|	|
038	|014	|009	|	|
039	|003	|011	|	|
040	|024	|029	|	|
041	|004	|013	|	|
042	|010	|002	|	|
043	|008	|016	|	|
044	|033	|029	|	|
045	|016	|005	|	|
046	|035	|019	|	|
047	|021	|032	|	|
048	|027	|032	|	|
049	|005	|013	|	|
050	|015	|012	|	|
051	|035	|029	|	|
052	|029	|033	|	|
053	|024	|026	|	|
054	|024	|033	|	|
055	|027	|019	|	|
056	|035	|020	|	|
057	|014	|001	|	|
058	|007	|001	|	|
059	|011	|016	|	|
060	|004	|007	|	|
061	|031	|024	|	|
062	|024	|036	|	|
063	|029	|022	|	|
064	|003	|012	|	|
065	|033	|027	|	|
066	|019	|026	|	|
067	|011	|002	|	|
068	|007	|014	|	|
069	|013	|009	|	|
070	|016	|001	|	|
071	|025	|033	|	|
072	|006	|013	|	|
073	|031	|028	|	|
074	|008	|002	|	|
075	|027	|034	|	|
076	|030	|019	|	|
077	|017	|006	|	|
078	|019	|027	|	|
079	|009	|016	|	|
080	|003	|016	|	|
081	|021	|031	|	|
082	|004	|012	|	|
083	|034	|022	|	|
084	|014	|012	|	|
085	|005	|016	|	|
086	|032	|027	|	|
087	|015	|003	|	|
088	|010	|015	|	|
089	|024	|028	|	|
090	|027	|022	|	|
091	|018	|011	|	|
092	|002	|010	|	|
093	|023	|031	|	|
094	|034	|024	|	|
095	|028	|033	|	|
096	|011	|003	|	|
097	|018	|010	|	|
098	|008	|001	|	|
099	|018	|001	|	|
100	|004	|017	|	|
101	|026	|036	|	|
102	|032	|020	|	|
103	|033	|026	|	|
104	|021	|030	|	|
105	|001	|010	|	|
106	|028	|021	|	|
107	|020	|031	|	|
108	|009	|015	|	|
109	|036	|020	|	|
110	|006	|014	|	|
111	|014	|003	|	|
112	|010	|005	|	|
113	|025	|019	|	|
114	|003	|009	|	|
115	|026	|034	|	|
116	|007	|018	|	|
117	|019	|035	|	|
118	|015	|010	|	|
119	|031	|027	|	|
120	|022	|028	|	|
121	|018	|006	|	|
122	|016	|009	|	|
123	|020	|030	|	|
124	|025	|034	|	|
125	|004	|011	|	|
126	|023	|034	|	|
127	|010	|013	|	|
128	|025	|022	|	|
129	|002	|013	|	|
130	|007	|006	|	|
131	|032	|029	|	|
132	|033	|022	|	|
133	|019	|032	|	|
134	|026	|033	|	|
135	|001	|018	|	|
136	|011	|014	|	|
137	|006	|009	|	|
138	|015	|007	|	|
139	|035	|023	|	|
140	|029	|020	|	|
141	|031	|025	|	|
142	|010	|006	|	|
143	|014	|006	|	|
144	|024	|025	|	|
145	|001	|011	|	|
146	|027	|020	|	|
147	|029	|032	|	|
148	|013	|012	|	|
149	|011	|006	|	|
150	|008	|017	|	|
151	|006	|017	|	|
152	|020	|034	|	|
153	|036	|025	|	|
154	|031	|023	|	|
155	|014	|002	|	|
156	|019	|029	|	|
157	|025	|035	|	|
158	|035	|025	|	|
159	|010	|014	|	|
160	|009	|004	|	|
161	|005	|008	|	|
162	|023	|033	|	|
163	|015	|001	|	|
164	|017	|008	|	|
165	|021	|028	|	|
166	|005	|018	|	|
167	|036	|019	|	|
168	|026	|020	|	|
169	|022	|030	|	|
170	|016	|002	|	|
171	|017	|009	|	|
172	|028	|035	|	|
173	|012	|006	|	|
174	|032	|026	|	|
175	|001	|015	|	|
176	|001	|009	|	|
177	|031	|020	|	|
178	|027	|023	|	|
179	|009	|018	|	|
180	|021	|034	|	|
181	|028	|020	|	|
182	|021	|027	|	|
183	|017	|007	|	|
184	|030	|031	|	|
185	|033	|024	|	|
186	|002	|017	|	|
187	|019	|036	|	|
188	|004	|010	|	|
189	|008	|005	|	|
190	|031	|026	|	|
191	|012	|013	|	|
192	|013	|006	|	|
193	|025	|024	|	|
194	|036	|027	|	|
195	|028	|031	|	|
196	|012	|003	|	|
197	|015	|004	|	|
198	|035	|022	|	|
199	|021	|035	|	|
200	|006	|007	|	|
201	|017	|011	|	|
202	|002	|018	|	|
203	|020	|027	|	|
204	|012	|014	|	|
205	|019	|030	|	|
206	|001	|017	|	|
207	|009	|014	|	|
208	|030	|032	|	|
209	|036	|026	|	|
210	|012	|001	|	|
211	|014	|011	|	|
212	|016	|006	|	|
213	|019	|033	|	|
214	|031	|022	|	|
215	|001	|012	|	|
216	|029	|023	|	|
217	|018	|005	|	|
218	|007	|013	|	|
219	|006	|015	|	|
220	|010	|003	|	|
221	|006	|012	|	|
222	|022	|027	|	|
223	|028	|032	|	|
224	|030	|021	|	|
225	|032	|024	|	|
226	|015	|011	|	|
227	|036	|029	|	|
228	|022	|035	|	|
229	|016	|010	|	|
230	|012	|017	|	|
231	|009	|006	|	|
232	|019	|025	|	|
233	|020	|032	|	|
234	|017	|005	|	|
235	|028	|019	|	|
236	|005	|017	|	|
237	|032	|028	|	|
238	|004	|008	|	|
239	|029	|034	|	|
240	|031	|019	|	|
241	|028	|034	|	|
242	|011	|001	|	|
243	|015	|009	|	|
244	|022	|034	|	|
245	|027	|024	|	|
246	|013	|002	|	|
247	|022	|026	|	|
248	|035	|030	|	|
249	|005	|015	|	|
250	|008	|018	|	|
251	|002	|008	|	|
252	|034	|021	|	|
253	|035	|021	|	|
254	|017	|003	|	|
255	|013	|007	|	|
256	|023	|030	|	|
257	|024	|035	|	|
258	|012	|005	|	|
259	|005	|014	|	|
260	|030	|033	|	|
261	|028	|023	|	|
262	|002	|007	|	|
263	|033	|028	|	|
264	|007	|017	|	|
265	|022	|031	|	|
266	|001	|007	|	|
267	|008	|014	|	|
268	|010	|001	|	|
269	|014	|004	|	|
270	|036	|028	|	|
271	|013	|010	|	|
272	|030	|036	|	|
273	|022	|029	|	|
274	|029	|024	|	|
275	|036	|024	|	|
276	|002	|015	|	|
277	|024	|032	|	|
278	|017	|001	|	|
279	|033	|023	|	|
280	|018	|008	|	|
281	|031	|030	|	|
282	|029	|035	|	|
283	|023	|028	|	|
284	|005	|007	|	|
285	|001	|016	|	|
286	|029	|019	|	|
287	|008	|003	|	|
288	|007	|016	|	|
289	|020	|026	|	|
290	|018	|004	|	|
291	|008	|004	|	|
292	|026	|031	|	|
293	|025	|020	|	|
294	|003	|007	|	|
295	|007	|015	|	|
296	|034	|019	|	|
297	|017	|012	|	|
298	|034	|029	|	|
299	|001	|014	|	|
300	|019	|031	|	|
301	|027	|021	|	|
302	|029	|036	|	|
303	|011	|018	|	|
304	|023	|029	|	|
305	|014	|010	|	|
306	|010	|004	|	|
307	|034	|026	|	|
308	|033	|020	|	|
309	|019	|034	|	|
310	|005	|012	|	|
311	|013	|005	|	|
312	|003	|017	|	|
313	|030	|024	|	|
314	|027	|036	|	|
315	|032	|022	|	|
316	|004	|014	|	|
317	|007	|003	|	|
318	|013	|003	|	|
319	|011	|017	|	|
320	|021	|036	|	|
321	|005	|010	|	|
322	|035	|027	|	|
323	|022	|025	|	|
324	|017	|010	|	|
325	|013	|001	|	|
326	|035	|026	|	|
327	|002	|011	|	|
328	|015	|008	|	|
329	|034	|020	|	|
330	|020	|029	|	|
331	|029	|021	|	|
332	|022	|036	|	|
333	|002	|014	|	|
334	|030	|034	|	|
335	|009	|013	|	|
336	|008	|006	|	|
337	|012	|002	|	|
338	|015	|006	|	|
339	|016	|012	|	|
340	|001	|008	|	|
341	|024	|034	|	|
342	|010	|016	|	|
343	|033	|019	|	|
344	|006	|016	|	|
345	|026	|022	|	|
346	|035	|028	|	|
347	|021	|029	|	|
348	|025	|036	|	|
349	|002	|012	|	|
350	|014	|008	|	|
351	|033	|030	|	|
352	|028	|036	|	|
353	|034	|023	|	|
354	|019	|028	|	|
355	|009	|003	|	|
356	|009	|017	|	|
357	|013	|004	|	|
358	|001	|013	|	|
359	|025	|021	|	|
360	|020	|035	|	|
361	|036	|021	|	|
362	|030	|020	|	|
363	|003	|010	|	|
364	|025	|031	|	|
365	|012	|015	|	|
366	|018	|002	|	|
367	|007	|005	|	|
368	|003	|013	|	|
369	|022	|033	|	|
370	|020	|028	|	|
371	|018	|007	|	|
372	|032	|030	|	|
373	|012	|018	|	|
374	|016	|007	|	|
375	|032	|023	|	|
376	|026	|019	|	|
377	|016	|004	|	|
378	|003	|015	|	|
379	|032	|025	|	|
380	|009	|002	|	|
381	|027	|035	|	|
382	|023	|026	|	|
383	|023	|032	|	|
384	|003	|008	|	|
385	|004	|009	|	|
386	|023	|035	|	|
387	|003	|014	|	|
388	|007	|002	|	|
389	|021	|025	|	|
390	|012	|016	|	|
391	|031	|021	|	|
392	|031	|029	|	|
393	|026	|035	|	|
394	|030	|023	|	|
395	|016	|011	|	|
396	|017	|002	|	|
397	|015	|005	|	|
398	|020	|033	|	|
399	|005	|011	|	|
400	|025	|032	|	|
401	|036	|030	|	|
402	|026	|024	|	|
403	|012	|004	|	|
404	|033	|021	|	|
405	|011	|013	|	|
406	|024	|030	|	|
407	|013	|011	|	|
408	|003	|018	|	|
409	|010	|018	|	|
410	|011	|004	|	|
411	|006	|011	|	|
412	|034	|025	|	|
413	|030	|035	|	|
414	|030	|022	|	|
415	|020	|036	|	|
416	|013	|008	|	|
417	|024	|027	|	|
418	|006	|018	|	|
419	|014	|005	|	|
420	|036	|023	|	|
421	|018	|009	|	|
422	|017	|004	|	|
423	|024	|031	|	|
424	|006	|010	|	|
425	|026	|032	|	|
426	|010	|017	|	|
427	|023	|025	|	|
428	|009	|001	|	|
429	|002	|016	|	|
430	|025	|023	|	|
431	|033	|025	|	|
432	|035	|024	|	|