cnd#	|left	|right	|test1	|test2		totalconditions=200
001	|020	|002	|	|
002	|007	|014	|	|
003	|006	|015	|	|
004	|020	|006	|	|
005	|020	|008	|	|
006	|010	|016	|	|
007	|002	|014	|	|
008	|015	|001	|	|
009	|020	|005	|	|
010	|007	|016	|	|
011	|010	|013	|	|
012	|017	|006	|	|
013	|014	|007	|	|
014	|007	|015	|	|
015	|001	|013	|	|
016	|013	|006	|	|
017	|009	|012	|	|
018	|017	|008	|	|
019	|001	|015	|	|
020	|015	|003	|	|
021	|008	|019	|	|
022	|012	|007	|	|
023	|017	|003	|	|
024	|008	|011	|	|
025	|017	|007	|	|
026	|007	|012	|	|
027	|015	|009	|	|
028	|010	|017	|	|
029	|003	|013	|	|
030	|018	|005	|	|
031	|007	|019	|	|
032	|019	|007	|	|
033	|012	|002	|	|
034	|002	|016	|	|
035	|003	|017	|	|
036	|018	|010	|	|
037	|004	|015	|	|
038	|012	|009	|	|
039	|005	|016	|	|
040	|014	|003	|	|
041	|016	|003	|	|
042	|010	|011	|	|
043	|008	|015	|	|
044	|014	|006	|	|
045	|011	|005	|	|
046	|005	|020	|	|
047	|002	|013	|	|
048	|016	|006	|	|
049	|014	|001	|	|
050	|002	|018	|	|
051	|016	|002	|	|
052	|002	|019	|	|
053	|017	|005	|	|
054	|007	|020	|	|
055	|011	|008	|	|
056	|003	|015	|	|
057	|019	|003	|	|
058	|006	|012	|	|
059	|015	|004	|	|
060	|001	|020	|	|
061	|018	|008	|	|
062	|009	|014	|	|
063	|014	|008	|	|
064	|003	|019	|	|
065	|019	|010	|	|
066	|003	|011	|	|
067	|012	|003	|	|
068	|009	|018	|	|
069	|012	|004	|	|
070	|009	|016	|	|
071	|016	|001	|	|
072	|005	|011	|	|
073	|002	|011	|	|
074	|012	|008	|	|
075	|001	|016	|	|
076	|019	|009	|	|
077	|015	|008	|	|
078	|004	|017	|	|
079	|011	|009	|	|
080	|008	|018	|	|
081	|014	|010	|	|
082	|001	|019	|	|
083	|010	|018	|	|
084	|016	|009	|	|
085	|004	|019	|	|
086	|019	|002	|	|
087	|003	|012	|	|
088	|017	|004	|	|
089	|015	|005	|	|
090	|006	|016	|	|
091	|003	|016	|	|
092	|018	|001	|	|
093	|007	|011	|	|
094	|018	|009	|	|
095	|008	|020	|	|
096	|015	|006	|	|
097	|004	|014	|	|
098	|015	|010	|	|
099	|009	|011	|	|
100	|017	|002	|	|
101	|006	|013	|	|
102	|013	|008	|	|
103	|016	|005	|	|
104	|006	|020	|	|
105	|013	|004	|	|
106	|005	|017	|	|
107	|003	|014	|	|
108	|012	|010	|	|
109	|005	|015	|	|
110	|013	|007	|	|
111	|012	|005	|	|
112	|010	|012	|	|
113	|011	|006	|	|
114	|004	|011	|	|
115	|004	|012	|	|
116	|017	|009	|	|
117	|011	|007	|	|
118	|004	|016	|	|
119	|006	|014	|	|
120	|011	|004	|	|
121	|001	|012	|	|
122	|020	|007	|	|
123	|017	|001	|	|
124	|003	|020	|	|
125	|006	|019	|	|
126	|016	|007	|	|
127	|008	|012	|	|
128	|018	|006	|	|
129	|020	|010	|	|
130	|001	|014	|	|
131	|009	|015	|	|
132	|011	|010	|	|
133	|008	|014	|	|
134	|012	|006	|	|
135	|018	|003	|	|
136	|006	|011	|	|
137	|020	|001	|	|
138	|010	|014	|	|
139	|002	|020	|	|
140	|011	|001	|	|
141	|015	|007	|	|
142	|010	|015	|	|
143	|009	|017	|	|
144	|019	|005	|	|
145	|013	|005	|	|
146	|009	|019	|	|
147	|002	|015	|	|
148	|020	|009	|	|
149	|015	|002	|	|
150	|001	|017	|	|
151	|011	|003	|	|
152	|006	|017	|	|
153	|008	|017	|	|
154	|018	|007	|	|
155	|005	|018	|	|
156	|020	|004	|	|
157	|005	|013	|	|
158	|014	|005	|	|
159	|013	|001	|	|
160	|002	|017	|	|
161	|009	|013	|	|
162	|012	|001	|	|
163	|005	|012	|	|
164	|018	|002	|	|
165	|014	|009	|	|
166	|001	|011	|	|
167	|013	|002	|	|
168	|005	|014	|	|
169	|004	|020	|	|
170	|020	|003	|	|
171	|019	|001	|	|
172	|004	|018	|	|
173	|010	|020	|	|
174	|014	|004	|	|
175	|018	|004	|	|
176	|007	|018	|	|
177	|007	|017	|	|
178	|013	|009	|	|
179	|002	|012	|	|
180	|011	|002	|	|
181	|008	|013	|	|
182	|013	|010	|	|
183	|010	|019	|	|
184	|014	|002	|	|
185	|016	|010	|	|
186	|003	|018	|	|
187	|001	|018	|	|
188	|019	|004	|	|
189	|007	|013	|	|
190	|016	|004	|	|
191	|005	|019	|	|
192	|019	|008	|	|
193	|016	|008	|	|
194	|008	|016	|	|
195	|009	|020	|	|
196	|019	|006	|	|
197	|004	|013	|	|
198	|013	|003	|	|
199	|017	|010	|	|
200	|006	|018	|	|