cnd#	|left	|right	|test1	|test2		totalconditions=432
001	|020	|031	|	|
002	|031	|023	|	|
003	|002	|008	|	|
004	|013	|006	|	|
005	|026	|031	|	|
006	|007	|002	|	|
007	|034	|029	|	|
008	|014	|011	|	|
009	|028	|020	|	|
010	|023	|026	|	|
011	|009	|018	|	|
012	|004	|014	|	|
013	|001	|015	|	|
014	|031	|022	|	|
015	|019	|029	|	|
016	|013	|012	|	|
017	|028	|035	|	|
018	|004	|010	|	|
019	|007	|003	|	|
020	|024	|034	|	|
021	|029	|021	|	|
022	|011	|015	|	|
023	|013	|003	|	|
024	|036	|026	|	|
025	|026	|024	|	|
026	|021	|035	|	|
027	|017	|007	|	|
028	|031	|025	|	|
029	|036	|019	|	|
030	|022	|027	|	|
031	|018	|002	|	|
032	|008	|018	|	|
033	|009	|006	|	|
034	|001	|008	|	|
035	|026	|032	|	|
036	|005	|013	|	|
037	|007	|006	|	|
038	|019	|036	|	|
039	|003	|008	|	|
040	|025	|020	|	|
041	|028	|032	|	|
042	|015	|002	|	|
043	|014	|007	|	|
044	|032	|021	|	|
045	|036	|027	|	|
046	|005	|014	|	|
047	|009	|017	|	|
048	|024	|028	|	|
049	|031	|020	|	|
050	|003	|012	|	|
051	|019	|031	|	|
052	|018	|003	|	|
053	|026	|020	|	|
054	|031	|028	|	|
055	|020	|029	|	|
056	|009	|016	|	|
057	|013	|010	|	|
058	|012	|006	|	|
059	|002	|018	|	|
060	|026	|036	|	|
061	|011	|006	|	|
062	|003	|007	|	|
063	|021	|031	|	|
064	|023	|028	|	|
065	|031	|026	|	|
066	|001	|014	|	|
067	|011	|013	|	|
068	|034	|023	|	|
069	|016	|009	|	|
070	|017	|002	|	|
071	|029	|020	|	|
072	|029	|036	|	|
073	|015	|006	|	|
074	|030	|033	|	|
075	|035	|023	|	|
076	|005	|011	|	|
077	|019	|026	|	|
078	|007	|015	|	|
079	|031	|030	|	|
080	|011	|004	|	|
081	|024	|035	|	|
082	|005	|015	|	|
083	|025	|023	|	|
084	|017	|010	|	|
085	|001	|010	|	|
086	|003	|014	|	|
087	|027	|021	|	|
088	|011	|014	|	|
089	|022	|028	|	|
090	|011	|003	|	|
091	|015	|001	|	|
092	|025	|036	|	|
093	|019	|034	|	|
094	|017	|012	|	|
095	|032	|028	|	|
096	|033	|022	|	|
097	|031	|024	|	|
098	|019	|030	|	|
099	|017	|004	|	|
100	|002	|017	|	|
101	|028	|023	|	|
102	|024	|036	|	|
103	|033	|030	|	|
104	|011	|016	|	|
105	|029	|034	|	|
106	|004	|007	|	|
107	|010	|005	|	|
108	|013	|011	|	|
109	|028	|024	|	|
110	|001	|016	|	|
111	|008	|006	|	|
112	|023	|033	|	|
113	|023	|025	|	|
114	|032	|020	|	|
115	|032	|026	|	|
116	|013	|004	|	|
117	|025	|031	|	|
118	|015	|011	|	|
119	|010	|017	|	|
120	|005	|010	|	|
121	|014	|012	|	|
122	|006	|016	|	|
123	|011	|017	|	|
124	|016	|003	|	|
125	|020	|026	|	|
126	|020	|034	|	|
127	|025	|022	|	|
128	|036	|028	|	|
129	|035	|021	|	|
130	|028	|033	|	|
131	|002	|012	|	|
132	|008	|002	|	|
133	|015	|010	|	|
134	|032	|029	|	|
135	|011	|002	|	|
136	|012	|015	|	|
137	|014	|006	|	|
138	|029	|032	|	|
139	|021	|032	|	|
140	|034	|021	|	|
141	|006	|008	|	|
142	|022	|026	|	|
143	|027	|020	|	|
144	|003	|013	|	|
145	|030	|023	|	|
146	|024	|032	|	|
147	|027	|034	|	|
148	|032	|024	|	|
149	|011	|005	|	|
150	|005	|018	|	|
151	|017	|011	|	|
152	|023	|029	|	|
153	|001	|011	|	|
154	|010	|016	|	|
155	|034	|026	|	|
156	|014	|003	|	|
157	|001	|007	|	|
158	|030	|019	|	|
159	|011	|018	|	|
160	|007	|005	|	|
161	|021	|030	|	|
162	|033	|021	|	|
163	|016	|004	|	|
164	|033	|029	|	|
165	|021	|036	|	|
166	|002	|014	|	|
167	|014	|010	|	|
168	|025	|032	|	|
169	|035	|028	|	|
170	|010	|014	|	|
171	|035	|022	|	|
172	|029	|019	|	|
173	|022	|031	|	|
174	|021	|026	|	|
175	|006	|013	|	|
176	|027	|031	|	|
177	|018	|008	|	|
178	|017	|006	|	|
179	|006	|009	|	|
180	|010	|001	|	|
181	|007	|016	|	|
182	|025	|019	|	|
183	|021	|027	|	|
184	|032	|027	|	|
185	|011	|001	|	|
186	|033	|023	|	|
187	|018	|009	|	|
188	|005	|009	|	|
189	|028	|034	|	|
190	|014	|001	|	|
191	|006	|018	|	|
192	|020	|035	|	|
193	|019	|025	|	|
194	|012	|017	|	|
195	|018	|007	|	|
196	|004	|018	|	|
197	|030	|020	|	|
198	|009	|002	|	|
199	|035	|019	|	|
200	|034	|030	|	|
201	|016	|002	|	|
202	|026	|035	|	|
203	|020	|033	|	|
204	|004	|008	|	|
205	|036	|020	|	|
206	|009	|014	|	|
207	|030	|021	|	|
208	|018	|011	|	|
209	|004	|012	|	|
210	|013	|005	|	|
211	|033	|025	|	|
212	|020	|027	|	|
213	|001	|013	|	|
214	|025	|035	|	|
215	|010	|003	|	|
216	|024	|031	|	|
217	|028	|036	|	|
218	|033	|024	|	|
219	|022	|035	|	|
220	|005	|012	|	|
221	|004	|015	|	|
222	|027	|024	|	|
223	|016	|006	|	|
224	|034	|028	|	|
225	|019	|028	|	|
226	|010	|015	|	|
227	|012	|005	|	|
228	|015	|008	|	|
229	|036	|025	|	|
230	|024	|029	|	|
231	|017	|008	|	|
232	|019	|032	|	|
233	|003	|016	|	|
234	|017	|003	|	|
235	|010	|018	|	|
236	|032	|022	|	|
237	|026	|022	|	|
238	|029	|035	|	|
239	|009	|004	|	|
240	|004	|011	|	|
241	|031	|027	|	|
242	|022	|034	|	|
243	|016	|012	|	|
244	|002	|016	|	|
245	|020	|028	|	|
246	|027	|033	|	|
247	|002	|009	|	|
248	|028	|019	|	|
249	|012	|016	|	|
250	|010	|004	|	|
251	|031	|021	|	|
252	|015	|004	|	|
253	|005	|007	|	|
254	|021	|034	|	|
255	|030	|024	|	|
256	|007	|004	|	|
257	|016	|010	|	|
258	|004	|017	|	|
259	|035	|030	|	|
260	|015	|003	|	|
261	|024	|025	|	|
262	|036	|022	|	|
263	|027	|032	|	|
264	|008	|017	|	|
265	|035	|024	|	|
266	|012	|004	|	|
267	|013	|001	|	|
268	|021	|028	|	|
269	|023	|032	|	|
270	|002	|015	|	|
271	|007	|018	|	|
272	|028	|022	|	|
273	|016	|007	|	|
274	|035	|025	|	|
275	|030	|031	|	|
276	|001	|009	|	|
277	|023	|035	|	|
278	|028	|031	|	|
279	|009	|003	|	|
280	|018	|010	|	|
281	|003	|009	|	|
282	|033	|028	|	|
283	|006	|017	|	|
284	|031	|019	|	|
285	|012	|018	|	|
286	|020	|030	|	|
287	|028	|021	|	|
288	|017	|001	|	|
289	|014	|005	|	|
290	|014	|008	|	|
291	|032	|023	|	|
292	|026	|023	|	|
293	|032	|025	|	|
294	|006	|014	|	|
295	|025	|034	|	|
296	|012	|003	|	|
297	|021	|033	|	|
298	|001	|012	|	|
299	|008	|014	|	|
300	|023	|030	|	|
301	|019	|027	|	|
302	|018	|006	|	|
303	|023	|034	|	|
304	|014	|009	|	|
305	|003	|018	|	|
306	|036	|030	|	|
307	|010	|002	|	|
308	|029	|024	|	|
309	|027	|036	|	|
310	|004	|009	|	|
311	|034	|024	|	|
312	|007	|017	|	|
313	|034	|027	|	|
314	|034	|019	|	|
315	|018	|005	|	|
316	|012	|014	|	|
317	|021	|029	|	|
318	|017	|009	|	|
319	|005	|017	|	|
320	|009	|001	|	|
321	|030	|035	|	|
322	|006	|012	|	|
323	|027	|022	|	|
324	|023	|031	|	|
325	|006	|015	|	|
326	|016	|008	|	|
327	|026	|033	|	|
328	|009	|005	|	|
329	|013	|002	|	|
330	|003	|010	|	|
331	|036	|021	|	|
332	|012	|013	|	|
333	|023	|036	|	|
334	|027	|019	|	|
335	|035	|027	|	|
336	|022	|029	|	|
337	|036	|029	|	|
338	|015	|007	|	|
339	|007	|014	|	|
340	|018	|004	|	|
341	|030	|034	|	|
342	|036	|024	|	|
343	|022	|025	|	|
344	|010	|006	|	|
345	|022	|033	|	|
346	|025	|021	|	|
347	|003	|011	|	|
348	|002	|013	|	|
349	|004	|013	|	|
350	|036	|023	|	|
351	|017	|005	|	|
352	|031	|029	|	|
353	|015	|012	|	|
354	|029	|031	|	|
355	|027	|023	|	|
356	|020	|025	|	|
357	|006	|010	|	|
358	|008	|015	|	|
359	|019	|035	|	|
360	|008	|003	|	|
361	|032	|030	|	|
362	|002	|007	|	|
363	|007	|013	|	|
364	|014	|004	|	|
365	|026	|034	|	|
366	|013	|007	|	|
367	|003	|017	|	|
368	|007	|001	|	|
369	|021	|025	|	|
370	|029	|022	|	|
371	|035	|020	|	|
372	|024	|033	|	|
373	|027	|035	|	|
374	|022	|032	|	|
375	|018	|001	|	|
376	|018	|012	|	|
377	|034	|022	|	|
378	|022	|030	|	|
379	|008	|016	|	|
380	|012	|002	|	|
381	|005	|008	|	|
382	|034	|025	|	|
383	|029	|023	|	|
384	|005	|016	|	|
385	|035	|026	|	|
386	|003	|015	|	|
387	|026	|019	|	|
388	|010	|013	|	|
389	|008	|005	|	|
390	|029	|033	|	|
391	|002	|011	|	|
392	|033	|019	|	|
393	|016	|011	|	|
394	|024	|027	|	|
395	|020	|032	|	|
396	|016	|001	|	|
397	|032	|019	|	|
398	|022	|036	|	|
399	|009	|013	|	|
400	|025	|024	|	|
401	|015	|005	|	|
402	|023	|027	|	|
403	|015	|009	|	|
404	|008	|004	|	|
405	|001	|017	|	|
406	|025	|033	|	|
407	|033	|026	|	|
408	|002	|010	|	|
409	|035	|029	|	|
410	|013	|009	|	|
411	|020	|036	|	|
412	|030	|036	|	|
413	|006	|011	|	|
414	|026	|021	|	|
415	|008	|013	|	|
416	|034	|020	|	|
417	|012	|001	|	|
418	|004	|016	|	|
419	|014	|002	|	|
420	|024	|030	|	|
421	|001	|018	|	|
422	|016	|005	|	|
423	|019	|033	|	|
424	|006	|007	|	|
425	|030	|032	|	|
426	|033	|020	|	|
427	|009	|015	|	|
428	|024	|026	|	|
429	|033	|027	|	|
430	|030	|022	|	|
431	|008	|001	|	|
432	|013	|008	|	|