cnd#	|left	|right	|test1	|test2		totalconditions=432
001	|005	|011	|	|
002	|008	|017	|	|
003	|002	|018	|	|
004	|009	|004	|	|
005	|005	|015	|	|
006	|002	|007	|	|
007	|009	|017	|	|
008	|012	|005	|	|
009	|005	|008	|	|
010	|008	|001	|	|
011	|033	|019	|	|
012	|033	|020	|	|
013	|036	|021	|	|
014	|027	|031	|	|
015	|021	|028	|	|
016	|024	|027	|	|
017	|021	|036	|	|
018	|026	|032	|	|
019	|024	|029	|	|
020	|019	|025	|	|
021	|001	|012	|	|
022	|017	|003	|	|
023	|013	|003	|	|
024	|001	|014	|	|
025	|017	|012	|	|
026	|010	|015	|	|
027	|011	|001	|	|
028	|015	|008	|	|
029	|014	|011	|	|
030	|015	|007	|	|
031	|034	|026	|	|
032	|025	|023	|	|
033	|035	|023	|	|
034	|028	|031	|	|
035	|021	|029	|	|
036	|031	|027	|	|
037	|019	|028	|	|
038	|021	|031	|	|
039	|020	|035	|	|
040	|029	|036	|	|
041	|008	|014	|	|
042	|010	|013	|	|
043	|008	|013	|	|
044	|015	|005	|	|
045	|017	|008	|	|
046	|018	|010	|	|
047	|002	|008	|	|
048	|007	|004	|	|
049	|010	|017	|	|
050	|016	|008	|	|
051	|031	|019	|	|
052	|031	|019	|	|
053	|033	|027	|	|
054	|028	|035	|	|
055	|031	|022	|	|
056	|028	|023	|	|
057	|022	|032	|	|
058	|026	|021	|	|
059	|028	|022	|	|
060	|023	|033	|	|
061	|012	|004	|	|
062	|007	|003	|	|
063	|009	|016	|	|
064	|009	|006	|	|
065	|005	|012	|	|
066	|016	|010	|	|
067	|010	|002	|	|
068	|006	|011	|	|
069	|002	|017	|	|
070	|010	|005	|	|
071	|035	|022	|	|
072	|026	|035	|	|
073	|027	|032	|	|
074	|034	|021	|	|
075	|026	|036	|	|
076	|036	|027	|	|
077	|028	|019	|	|
078	|027	|022	|	|
079	|030	|035	|	|
080	|034	|022	|	|
081	|017	|005	|	|
082	|006	|012	|	|
083	|010	|001	|	|
084	|003	|009	|	|
085	|004	|017	|	|
086	|009	|014	|	|
087	|013	|010	|	|
088	|010	|004	|	|
089	|017	|004	|	|
090	|008	|005	|	|
091	|031	|024	|	|
092	|028	|034	|	|
093	|027	|020	|	|
094	|029	|024	|	|
095	|034	|027	|	|
096	|024	|032	|	|
097	|025	|031	|	|
098	|025	|019	|	|
099	|036	|028	|	|
100	|022	|033	|	|
101	|010	|006	|	|
102	|007	|013	|	|
103	|005	|007	|	|
104	|015	|012	|	|
105	|007	|018	|	|
106	|017	|011	|	|
107	|013	|002	|	|
108	|011	|006	|	|
109	|001	|013	|	|
110	|018	|003	|	|
111	|030	|021	|	|
112	|034	|025	|	|
113	|035	|025	|	|
114	|020	|030	|	|
115	|023	|031	|	|
116	|031	|026	|	|
117	|031	|025	|	|
118	|024	|025	|	|
119	|031	|026	|	|
120	|036	|019	|	|
121	|017	|007	|	|
122	|008	|004	|	|
123	|006	|017	|	|
124	|012	|018	|	|
125	|002	|011	|	|
126	|006	|014	|	|
127	|018	|007	|	|
128	|013	|011	|	|
129	|008	|004	|	|
130	|012	|002	|	|
131	|035	|029	|	|
132	|032	|025	|	|
133	|029	|032	|	|
134	|023	|027	|	|
135	|036	|025	|	|
136	|022	|027	|	|
137	|031	|021	|	|
138	|019	|030	|	|
139	|036	|020	|	|
140	|033	|021	|	|
141	|015	|006	|	|
142	|001	|016	|	|
143	|013	|004	|	|
144	|003	|011	|	|
145	|004	|016	|	|
146	|007	|005	|	|
147	|005	|009	|	|
148	|004	|010	|	|
149	|009	|003	|	|
150	|004	|010	|	|
151	|027	|035	|	|
152	|035	|027	|	|
153	|030	|019	|	|
154	|030	|023	|	|
155	|030	|023	|	|
156	|034	|028	|	|
157	|034	|024	|	|
158	|027	|021	|	|
159	|031	|028	|	|
160	|034	|030	|	|
161	|009	|018	|	|
162	|014	|001	|	|
163	|003	|008	|	|
164	|006	|016	|	|
165	|016	|011	|	|
166	|007	|001	|	|
167	|006	|018	|	|
168	|008	|016	|	|
169	|012	|014	|	|
170	|012	|015	|	|
171	|031	|030	|	|
172	|029	|022	|	|
173	|030	|022	|	|
174	|027	|034	|	|
175	|034	|023	|	|
176	|036	|024	|	|
177	|033	|024	|	|
178	|026	|020	|	|
179	|023	|029	|	|
180	|022	|031	|	|
181	|001	|018	|	|
182	|012	|016	|	|
183	|002	|014	|	|
184	|011	|017	|	|
185	|010	|014	|	|
186	|006	|009	|	|
187	|011	|018	|	|
188	|009	|001	|	|
189	|007	|017	|	|
190	|015	|009	|	|
191	|022	|026	|	|
192	|019	|026	|	|
193	|023	|036	|	|
194	|034	|020	|	|
195	|019	|031	|	|
196	|025	|035	|	|
197	|032	|026	|	|
198	|028	|024	|	|
199	|019	|027	|	|
200	|023	|025	|	|
201	|007	|014	|	|
202	|013	|006	|	|
203	|008	|015	|	|
204	|004	|008	|	|
205	|014	|009	|	|
206	|013	|007	|	|
207	|018	|008	|	|
208	|001	|011	|	|
209	|014	|007	|	|
210	|010	|003	|	|
211	|020	|029	|	|
212	|028	|021	|	|
213	|036	|030	|	|
214	|023	|028	|	|
215	|022	|036	|	|
216	|026	|033	|	|
217	|030	|031	|	|
218	|020	|033	|	|
219	|031	|020	|	|
220	|028	|020	|	|
221	|015	|002	|	|
222	|003	|012	|	|
223	|011	|015	|	|
224	|013	|009	|	|
225	|006	|015	|	|
226	|017	|001	|	|
227	|004	|009	|	|
228	|016	|004	|	|
229	|003	|012	|	|
230	|005	|018	|	|
231	|030	|033	|	|
232	|021	|032	|	|
233	|035	|019	|	|
234	|024	|034	|	|
235	|027	|024	|	|
236	|029	|031	|	|
237	|029	|033	|	|
238	|035	|020	|	|
239	|027	|023	|	|
240	|035	|028	|	|
241	|003	|010	|	|
242	|003	|007	|	|
243	|011	|013	|	|
244	|001	|008	|	|
245	|001	|017	|	|
246	|011	|004	|	|
247	|004	|013	|	|
248	|003	|007	|	|
249	|004	|012	|	|
250	|009	|005	|	|
251	|019	|032	|	|
252	|020	|028	|	|
253	|020	|036	|	|
254	|024	|028	|	|
255	|033	|026	|	|
256	|033	|026	|	|
257	|019	|029	|	|
258	|033	|022	|	|
259	|035	|021	|	|
260	|024	|033	|	|
261	|012	|006	|	|
262	|009	|013	|	|
263	|005	|010	|	|
264	|018	|001	|	|
265	|001	|009	|	|
266	|017	|002	|	|
267	|002	|009	|	|
268	|012	|017	|	|
269	|008	|006	|	|
270	|011	|002	|	|
271	|035	|026	|	|
272	|030	|036	|	|
273	|023	|026	|	|
274	|021	|034	|	|
275	|031	|029	|	|
276	|035	|024	|	|
277	|028	|032	|	|
278	|025	|034	|	|
279	|033	|025	|	|
280	|033	|025	|	|
281	|002	|012	|	|
282	|014	|010	|	|
283	|012	|013	|	|
284	|018	|002	|	|
285	|003	|014	|	|
286	|014	|008	|	|
287	|014	|010	|	|
288	|006	|010	|	|
289	|007	|002	|	|
290	|002	|016	|	|
291	|030	|034	|	|
292	|032	|023	|	|
293	|021	|025	|	|
294	|024	|030	|	|
295	|020	|032	|	|
296	|021	|027	|	|
297	|030	|024	|	|
298	|025	|024	|	|
299	|033	|028	|	|
300	|025	|033	|	|
301	|015	|011	|	|
302	|018	|009	|	|
303	|003	|013	|	|
304	|001	|007	|	|
305	|018	|006	|	|
306	|009	|002	|	|
307	|002	|010	|	|
308	|008	|003	|	|
309	|014	|003	|	|
310	|013	|001	|	|
311	|022	|029	|	|
312	|026	|024	|	|
313	|024	|036	|	|
314	|024	|036	|	|
315	|026	|023	|	|
316	|020	|026	|	|
317	|021	|030	|	|
318	|034	|019	|	|
319	|022	|029	|	|
320	|035	|030	|	|
321	|003	|015	|	|
322	|014	|002	|	|
323	|017	|009	|	|
324	|003	|017	|	|
325	|018	|005	|	|
326	|004	|015	|	|
327	|006	|008	|	|
328	|003	|015	|	|
329	|016	|012	|	|
330	|014	|004	|	|
331	|029	|019	|	|
332	|020	|025	|	|
333	|019	|035	|	|
334	|029	|035	|	|
335	|024	|026	|	|
336	|032	|027	|	|
337	|019	|035	|	|
338	|022	|028	|	|
339	|024	|031	|	|
340	|019	|036	|	|
341	|002	|013	|	|
342	|017	|010	|	|
343	|001	|015	|	|
344	|007	|006	|	|
345	|016	|006	|	|
346	|008	|002	|	|
347	|002	|015	|	|
348	|016	|007	|	|
349	|001	|010	|	|
350	|017	|010	|	|
351	|021	|035	|	|
352	|036	|023	|	|
353	|022	|035	|	|
354	|030	|020	|	|
355	|033	|030	|	|
356	|028	|036	|	|
357	|026	|022	|	|
358	|027	|019	|	|
359	|019	|034	|	|
360	|025	|020	|	|
361	|003	|018	|	|
362	|014	|012	|	|
363	|014	|006	|	|
364	|005	|013	|	|
365	|005	|013	|	|
366	|005	|013	|	|
367	|014	|012	|	|
368	|006	|013	|	|
369	|005	|014	|	|
370	|011	|005	|	|
371	|032	|020	|	|
372	|026	|031	|	|
373	|027	|033	|	|
374	|025	|022	|	|
375	|020	|027	|	|
376	|032	|029	|	|
377	|026	|019	|	|
378	|021	|026	|	|
379	|032	|030	|	|
380	|034	|029	|	|
381	|007	|015	|	|
382	|008	|018	|	|
383	|013	|005	|	|
384	|015	|010	|	|
385	|004	|014	|	|
386	|015	|010	|	|
387	|004	|018	|	|
388	|013	|012	|	|
389	|018	|004	|	|
390	|015	|001	|	|
391	|021	|033	|	|
392	|022	|030	|	|
393	|036	|026	|	|
394	|029	|021	|	|
395	|020	|034	|	|
396	|032	|019	|	|
397	|036	|022	|	|
398	|029	|020	|	|
399	|025	|036	|	|
400	|033	|029	|	|
401	|010	|018	|	|
402	|018	|011	|	|
403	|007	|016	|	|
404	|005	|016	|	|
405	|011	|016	|	|
406	|010	|016	|	|
407	|011	|016	|	|
408	|006	|007	|	|
409	|016	|009	|	|
410	|004	|007	|	|
411	|024	|035	|	|
412	|025	|032	|	|
413	|025	|021	|	|
414	|027	|036	|	|
415	|024	|035	|	|
416	|032	|022	|	|
417	|030	|032	|	|
418	|036	|029	|	|
419	|031	|023	|	|
420	|031	|023	|	|
421	|003	|016	|	|
422	|009	|015	|	|
423	|014	|005	|	|
424	|016	|002	|	|
425	|003	|016	|	|
426	|015	|004	|	|
427	|012	|001	|	|
428	|015	|003	|	|
429	|004	|011	|	|
430	|009	|015	|	|
431	|029	|034	|	|
432	|023	|034	|	|