cnd#	|left	|right	|test1	|test2		totalconditions=600
001	|023	|018	|	|
002	|016	|005	|	|
003	|030	|006	|	|
004	|010	|017	|	|
005	|002	|026	|	|
006	|020	|028	|	|
007	|018	|029	|	|
008	|030	|005	|	|
009	|007	|026	|	|
010	|011	|004	|	|
011	|029	|016	|	|
012	|010	|013	|	|
013	|028	|011	|	|
014	|011	|024	|	|
015	|023	|008	|	|
016	|001	|015	|	|
017	|012	|001	|	|
018	|009	|023	|	|
019	|018	|026	|	|
020	|008	|030	|	|
021	|022	|019	|	|
022	|025	|009	|	|
023	|005	|015	|	|
024	|017	|006	|	|
025	|022	|012	|	|
026	|015	|010	|	|
027	|030	|007	|	|
028	|014	|024	|	|
029	|006	|019	|	|
030	|003	|023	|	|
031	|006	|024	|	|
032	|012	|006	|	|
033	|012	|026	|	|
034	|003	|016	|	|
035	|029	|002	|	|
036	|023	|017	|	|
037	|026	|010	|	|
038	|005	|027	|	|
039	|024	|018	|	|
040	|019	|024	|	|
041	|006	|020	|	|
042	|016	|007	|	|
043	|001	|028	|	|
044	|021	|006	|	|
045	|026	|015	|	|
046	|018	|027	|	|
047	|020	|004	|	|
048	|002	|014	|	|
049	|014	|002	|	|
050	|026	|002	|	|
051	|012	|028	|	|
052	|007	|021	|	|
053	|003	|018	|	|
054	|027	|017	|	|
055	|012	|025	|	|
056	|029	|001	|	|
057	|016	|004	|	|
058	|010	|020	|	|
059	|001	|029	|	|
060	|025	|016	|	|
061	|011	|009	|	|
062	|004	|020	|	|
063	|013	|028	|	|
064	|028	|008	|	|
065	|025	|014	|	|
066	|010	|022	|	|
067	|016	|025	|	|
068	|012	|007	|	|
069	|009	|014	|	|
070	|007	|023	|	|
071	|024	|016	|	|
072	|025	|008	|	|
073	|005	|021	|	|
074	|011	|026	|	|
075	|029	|009	|	|
076	|020	|006	|	|
077	|026	|012	|	|
078	|005	|020	|	|
079	|013	|027	|	|
080	|005	|011	|	|
081	|012	|002	|	|
082	|022	|013	|	|
083	|030	|002	|	|
084	|010	|027	|	|
085	|021	|014	|	|
086	|002	|028	|	|
087	|017	|008	|	|
088	|018	|022	|	|
089	|007	|016	|	|
090	|025	|001	|	|
091	|024	|020	|	|
092	|017	|023	|	|
093	|008	|028	|	|
094	|001	|018	|	|
095	|029	|010	|	|
096	|018	|009	|	|
097	|019	|023	|	|
098	|008	|029	|	|
099	|017	|007	|	|
100	|004	|017	|	|
101	|028	|006	|	|
102	|026	|018	|	|
103	|003	|011	|	|
104	|014	|023	|	|
105	|026	|011	|	|
106	|023	|001	|	|
107	|019	|006	|	|
108	|003	|021	|	|
109	|005	|023	|	|
110	|002	|019	|	|
111	|020	|001	|	|
112	|030	|009	|	|
113	|015	|025	|	|
114	|022	|011	|	|
115	|003	|013	|	|
116	|012	|022	|	|
117	|004	|021	|	|
118	|014	|003	|	|
119	|024	|008	|	|
120	|026	|017	|	|
121	|016	|021	|	|
122	|007	|012	|	|
123	|003	|025	|	|
124	|025	|019	|	|
125	|020	|008	|	|
126	|026	|001	|	|
127	|004	|028	|	|
128	|030	|020	|	|
129	|011	|003	|	|
130	|009	|018	|	|
131	|020	|023	|	|
132	|028	|003	|	|
133	|002	|011	|	|
134	|027	|001	|	|
135	|006	|021	|	|
136	|018	|007	|	|
137	|017	|030	|	|
138	|030	|012	|	|
139	|025	|004	|	|
140	|015	|028	|	|
141	|010	|021	|	|
142	|016	|010	|	|
143	|027	|016	|	|
144	|009	|016	|	|
145	|026	|013	|	|
146	|012	|010	|	|
147	|020	|029	|	|
148	|008	|022	|	|
149	|006	|013	|	|
150	|024	|010	|	|
151	|019	|002	|	|
152	|009	|011	|	|
153	|018	|021	|	|
154	|022	|016	|	|
155	|027	|003	|	|
156	|006	|022	|	|
157	|021	|008	|	|
158	|012	|023	|	|
159	|002	|025	|	|
160	|014	|009	|	|
161	|029	|015	|	|
162	|008	|019	|	|
163	|004	|011	|	|
164	|005	|024	|	|
165	|011	|022	|	|
166	|020	|009	|	|
167	|022	|018	|	|
168	|021	|010	|	|
169	|001	|024	|	|
170	|018	|024	|	|
171	|003	|019	|	|
172	|015	|002	|	|
173	|027	|011	|	|
174	|030	|001	|	|
175	|017	|010	|	|
176	|007	|019	|	|
177	|022	|020	|	|
178	|022	|003	|	|
179	|020	|030	|	|
180	|002	|029	|	|
181	|005	|018	|	|
182	|030	|008	|	|
183	|022	|015	|	|
184	|009	|027	|	|
185	|017	|022	|	|
186	|014	|007	|	|
187	|014	|029	|	|
188	|007	|011	|	|
189	|023	|019	|	|
190	|004	|022	|	|
191	|017	|001	|	|
192	|023	|004	|	|
193	|030	|013	|	|
194	|019	|028	|	|
195	|028	|005	|	|
196	|013	|006	|	|
197	|007	|013	|	|
198	|001	|022	|	|
199	|027	|018	|	|
200	|015	|006	|	|
201	|017	|026	|	|
202	|008	|021	|	|
203	|026	|008	|	|
204	|001	|013	|	|
205	|008	|014	|	|
206	|010	|028	|	|
207	|025	|007	|	|
208	|014	|001	|	|
209	|011	|030	|	|
210	|027	|019	|	|
211	|015	|004	|	|
212	|025	|006	|	|
213	|015	|024	|	|
214	|029	|019	|	|
215	|006	|025	|	|
216	|010	|015	|	|
217	|018	|002	|	|
218	|021	|005	|	|
219	|003	|015	|	|
220	|023	|014	|	|
221	|017	|024	|	|
222	|009	|026	|	|
223	|020	|021	|	|
224	|001	|011	|	|
225	|025	|018	|	|
226	|024	|005	|	|
227	|015	|007	|	|
228	|008	|026	|	|
229	|015	|026	|	|
230	|022	|005	|	|
231	|004	|016	|	|
232	|017	|002	|	|
233	|023	|011	|	|
234	|008	|023	|	|
235	|021	|009	|	|
236	|006	|018	|	|
237	|018	|001	|	|
238	|027	|012	|	|
239	|014	|030	|	|
240	|007	|024	|	|
241	|023	|003	|	|
242	|012	|003	|	|
243	|007	|015	|	|
244	|005	|025	|	|
245	|025	|017	|	|
246	|017	|021	|	|
247	|003	|027	|	|
248	|016	|028	|	|
249	|016	|008	|	|
250	|006	|014	|	|
251	|029	|020	|	|
252	|023	|006	|	|
253	|006	|026	|	|
254	|007	|020	|	|
255	|026	|005	|	|
256	|028	|017	|	|
257	|015	|030	|	|
258	|020	|010	|	|
259	|014	|022	|	|
260	|008	|027	|	|
261	|017	|003	|	|
262	|008	|020	|	|
263	|029	|008	|	|
264	|030	|018	|	|
265	|019	|027	|	|
266	|005	|028	|	|
267	|004	|019	|	|
268	|027	|006	|	|
269	|028	|018	|	|
270	|015	|009	|	|
271	|023	|002	|	|
272	|004	|030	|	|
273	|017	|027	|	|
274	|004	|014	|	|
275	|018	|006	|	|
276	|024	|017	|	|
277	|013	|024	|	|
278	|022	|008	|	|
279	|029	|013	|	|
280	|014	|008	|	|
281	|009	|020	|	|
282	|004	|026	|	|
283	|028	|020	|	|
284	|030	|003	|	|
285	|003	|030	|	|
286	|017	|025	|	|
287	|005	|014	|	|
288	|019	|005	|	|
289	|006	|030	|	|
290	|022	|006	|	|
291	|002	|017	|	|
292	|014	|005	|	|
293	|028	|015	|	|
294	|019	|022	|	|
295	|016	|030	|	|
296	|025	|010	|	|
297	|022	|014	|	|
298	|005	|030	|	|
299	|012	|004	|	|
300	|001	|016	|	|
301	|009	|030	|	|
302	|030	|010	|	|
303	|011	|021	|	|
304	|029	|018	|	|
305	|007	|017	|	|
306	|020	|007	|	|
307	|016	|023	|	|
308	|009	|028	|	|
309	|027	|010	|	|
310	|006	|017	|	|
311	|013	|003	|	|
312	|027	|015	|	|
313	|008	|018	|	|
314	|006	|028	|	|
315	|019	|010	|	|
316	|016	|022	|	|
317	|021	|001	|	|
318	|021	|017	|	|
319	|011	|025	|	|
320	|007	|022	|	|
321	|024	|004	|	|
322	|021	|013	|	|
323	|015	|005	|	|
324	|002	|018	|	|
325	|023	|009	|	|
326	|006	|012	|	|
327	|017	|009	|	|
328	|015	|022	|	|
329	|005	|029	|	|
330	|025	|012	|	|
331	|006	|016	|	|
332	|027	|014	|	|
333	|024	|009	|	|
334	|002	|024	|	|
335	|020	|002	|	|
336	|011	|029	|	|
337	|030	|015	|	|
338	|008	|017	|	|
339	|008	|025	|	|
340	|011	|005	|	|
341	|028	|010	|	|
342	|020	|025	|	|
343	|022	|002	|	|
344	|021	|012	|	|
345	|020	|024	|	|
346	|013	|005	|	|
347	|003	|024	|	|
348	|004	|012	|	|
349	|013	|009	|	|
350	|005	|013	|	|
351	|021	|004	|	|
352	|002	|022	|	|
353	|016	|029	|	|
354	|024	|012	|	|
355	|003	|026	|	|
356	|014	|025	|	|
357	|026	|003	|	|
358	|009	|013	|	|
359	|019	|001	|	|
360	|021	|019	|	|
361	|012	|009	|	|
362	|030	|014	|	|
363	|008	|013	|	|
364	|025	|005	|	|
365	|010	|025	|	|
366	|012	|024	|	|
367	|012	|029	|	|
368	|023	|015	|	|
369	|019	|007	|	|
370	|021	|007	|	|
371	|002	|030	|	|
372	|001	|017	|	|
373	|005	|022	|	|
374	|022	|004	|	|
375	|020	|027	|	|
376	|024	|014	|	|
377	|003	|017	|	|
378	|011	|006	|	|
379	|001	|025	|	|
380	|028	|019	|	|
381	|010	|014	|	|
382	|016	|001	|	|
383	|022	|009	|	|
384	|019	|021	|	|
385	|016	|024	|	|
386	|026	|009	|	|
387	|009	|021	|	|
388	|008	|015	|	|
389	|029	|011	|	|
390	|013	|007	|	|
391	|016	|026	|	|
392	|028	|013	|	|
393	|011	|008	|	|
394	|001	|030	|	|
395	|006	|011	|	|
396	|026	|006	|	|
397	|018	|030	|	|
398	|029	|007	|	|
399	|027	|020	|	|
400	|012	|005	|	|
401	|008	|024	|	|
402	|001	|020	|	|
403	|009	|012	|	|
404	|013	|004	|	|
405	|028	|014	|	|
406	|010	|030	|	|
407	|019	|026	|	|
408	|022	|001	|	|
409	|002	|016	|	|
410	|021	|016	|	|
411	|009	|022	|	|
412	|013	|021	|	|
413	|015	|001	|	|
414	|027	|004	|	|
415	|024	|011	|	|
416	|013	|023	|	|
417	|005	|019	|	|
418	|011	|007	|	|
419	|004	|025	|	|
420	|022	|010	|	|
421	|008	|012	|	|
422	|018	|008	|	|
423	|025	|011	|	|
424	|016	|027	|	|
425	|001	|027	|	|
426	|029	|006	|	|
427	|003	|012	|	|
428	|001	|023	|	|
429	|027	|013	|	|
430	|014	|026	|	|
431	|026	|004	|	|
432	|017	|004	|	|
433	|001	|019	|	|
434	|021	|002	|	|
435	|024	|019	|	|
436	|007	|028	|	|
437	|018	|023	|	|
438	|016	|003	|	|
439	|023	|010	|	|
440	|002	|020	|	|
441	|014	|004	|	|
442	|013	|026	|	|
443	|023	|012	|	|
444	|003	|028	|	|
445	|030	|016	|	|
446	|017	|029	|	|
447	|027	|007	|	|
448	|014	|006	|	|
449	|002	|027	|	|
450	|008	|011	|	|
451	|025	|003	|	|
452	|010	|029	|	|
453	|015	|008	|	|
454	|015	|027	|	|
455	|021	|020	|	|
456	|004	|018	|	|
457	|006	|015	|	|
458	|029	|014	|	|
459	|015	|023	|	|
460	|024	|007	|	|
461	|004	|024	|	|
462	|016	|002	|	|
463	|002	|021	|	|
464	|001	|012	|	|
465	|024	|003	|	|
466	|024	|013	|	|
467	|018	|005	|	|
468	|020	|026	|	|
469	|019	|003	|	|
470	|002	|023	|	|
471	|026	|020	|	|
472	|027	|005	|	|
473	|012	|027	|	|
474	|002	|013	|	|
475	|018	|004	|	|
476	|003	|029	|	|
477	|030	|019	|	|
478	|014	|028	|	|
479	|009	|017	|	|
480	|021	|003	|	|
481	|013	|010	|	|
482	|027	|002	|	|
483	|012	|021	|	|
484	|023	|016	|	|
485	|001	|021	|	|
486	|010	|018	|	|
487	|015	|003	|	|
488	|023	|013	|	|
489	|009	|019	|	|
490	|024	|002	|	|
491	|011	|027	|	|
492	|009	|025	|	|
493	|025	|002	|	|
494	|019	|025	|	|
495	|019	|008	|	|
496	|010	|012	|	|
497	|007	|025	|	|
498	|026	|019	|	|
499	|020	|005	|	|
500	|022	|017	|	|
501	|007	|030	|	|
502	|028	|004	|	|
503	|013	|030	|	|
504	|002	|015	|	|
505	|008	|016	|	|
506	|016	|009	|	|
507	|023	|007	|	|
508	|010	|026	|	|
509	|013	|025	|	|
510	|030	|011	|	|
511	|028	|012	|	|
512	|013	|002	|	|
513	|028	|007	|	|
514	|004	|015	|	|
515	|007	|027	|	|
516	|011	|023	|	|
517	|028	|002	|	|
518	|025	|020	|	|
519	|012	|008	|	|
520	|004	|027	|	|
521	|015	|021	|	|
522	|003	|020	|	|
523	|020	|003	|	|
524	|022	|007	|	|
525	|020	|022	|	|
526	|021	|011	|	|
527	|007	|018	|	|
528	|009	|029	|	|
529	|024	|006	|	|
530	|021	|015	|	|
531	|002	|012	|	|
532	|017	|028	|	|
533	|010	|024	|	|
534	|013	|008	|	|
535	|005	|012	|	|
536	|018	|025	|	|
537	|024	|015	|	|
538	|013	|001	|	|
539	|006	|029	|	|
540	|028	|001	|	|
541	|007	|014	|	|
542	|023	|005	|	|
543	|018	|028	|	|
544	|030	|017	|	|
545	|004	|029	|	|
546	|019	|009	|	|
547	|025	|013	|	|
548	|029	|004	|	|
549	|010	|016	|	|
550	|015	|029	|	|
551	|011	|001	|	|
552	|009	|024	|	|
553	|011	|010	|	|
554	|013	|022	|	|
555	|029	|003	|	|
556	|026	|014	|	|
557	|006	|023	|	|
558	|003	|014	|	|
559	|024	|001	|	|
560	|005	|017	|	|
561	|023	|020	|	|
562	|019	|004	|	|
563	|001	|026	|	|
564	|011	|028	|	|
565	|014	|027	|	|
566	|029	|017	|	|
567	|017	|005	|	|
568	|026	|007	|	|
569	|005	|016	|	|
570	|003	|022	|	|
571	|004	|023	|	|
572	|027	|009	|	|
573	|010	|019	|	|
574	|019	|030	|	|
575	|028	|016	|	|
576	|018	|003	|	|
577	|014	|010	|	|
578	|009	|015	|	|
579	|030	|004	|	|
580	|013	|029	|	|
581	|026	|016	|	|
582	|010	|023	|	|
583	|006	|027	|	|
584	|019	|029	|	|
585	|029	|012	|	|
586	|001	|014	|	|
587	|018	|010	|	|
588	|029	|005	|	|
589	|007	|029	|	|
590	|025	|015	|	|
591	|028	|009	|	|
592	|016	|006	|	|
593	|012	|030	|	|
594	|004	|013	|	|
595	|005	|026	|	|
596	|027	|008	|	|
597	|010	|011	|	|
598	|011	|002	|	|
599	|021	|018	|	|
600	|014	|021	|	|