cnd#	|left	|right	|test1	|test2		totalconditions=432
001	|001	|009	|	|
002	|010	|003	|	|
003	|018	|011	|	|
004	|009	|004	|	|
005	|009	|016	|	|
006	|012	|005	|	|
007	|017	|002	|	|
008	|010	|017	|	|
009	|007	|018	|	|
010	|016	|010	|	|
011	|032	|023	|	|
012	|035	|026	|	|
013	|026	|031	|	|
014	|023	|031	|	|
015	|022	|035	|	|
016	|034	|028	|	|
017	|035	|023	|	|
018	|019	|033	|	|
019	|031	|020	|	|
020	|023	|031	|	|
021	|005	|013	|	|
022	|015	|008	|	|
023	|015	|007	|	|
024	|011	|015	|	|
025	|007	|004	|	|
026	|003	|011	|	|
027	|013	|005	|	|
028	|013	|009	|	|
029	|014	|007	|	|
030	|005	|007	|	|
031	|030	|035	|	|
032	|019	|032	|	|
033	|020	|033	|	|
034	|031	|026	|	|
035	|021	|033	|	|
036	|022	|026	|	|
037	|034	|027	|	|
038	|030	|023	|	|
039	|029	|034	|	|
040	|027	|033	|	|
041	|008	|013	|	|
042	|009	|005	|	|
043	|008	|017	|	|
044	|002	|018	|	|
045	|013	|008	|	|
046	|008	|005	|	|
047	|005	|018	|	|
048	|017	|005	|	|
049	|013	|004	|	|
050	|003	|018	|	|
051	|025	|019	|	|
052	|023	|032	|	|
053	|022	|030	|	|
054	|026	|023	|	|
055	|030	|024	|	|
056	|027	|036	|	|
057	|034	|021	|	|
058	|028	|019	|	|
059	|020	|030	|	|
060	|021	|026	|	|
061	|003	|010	|	|
062	|015	|001	|	|
063	|006	|011	|	|
064	|003	|009	|	|
065	|002	|011	|	|
066	|018	|004	|	|
067	|014	|001	|	|
068	|007	|006	|	|
069	|011	|004	|	|
070	|001	|011	|	|
071	|027	|031	|	|
072	|034	|024	|	|
073	|032	|019	|	|
074	|019	|030	|	|
075	|020	|034	|	|
076	|032	|029	|	|
077	|028	|034	|	|
078	|029	|020	|	|
079	|021	|032	|	|
080	|022	|036	|	|
081	|011	|002	|	|
082	|005	|008	|	|
083	|014	|006	|	|
084	|015	|011	|	|
085	|002	|016	|	|
086	|004	|015	|	|
087	|004	|017	|	|
088	|002	|007	|	|
089	|017	|010	|	|
090	|018	|005	|	|
091	|035	|021	|	|
092	|027	|023	|	|
093	|022	|033	|	|
094	|025	|032	|	|
095	|032	|024	|	|
096	|033	|029	|	|
097	|019	|026	|	|
098	|033	|025	|	|
099	|033	|026	|	|
100	|025	|020	|	|
101	|001	|017	|	|
102	|011	|001	|	|
103	|010	|002	|	|
104	|004	|009	|	|
105	|007	|017	|	|
106	|012	|015	|	|
107	|006	|014	|	|
108	|016	|004	|	|
109	|007	|003	|	|
110	|016	|001	|	|
111	|027	|022	|	|
112	|023	|034	|	|
113	|030	|019	|	|
114	|035	|020	|	|
115	|034	|029	|	|
116	|026	|034	|	|
117	|021	|034	|	|
118	|034	|020	|	|
119	|030	|019	|	|
120	|032	|022	|	|
121	|001	|015	|	|
122	|011	|018	|	|
123	|005	|009	|	|
124	|018	|009	|	|
125	|017	|011	|	|
126	|017	|001	|	|
127	|008	|004	|	|
128	|012	|018	|	|
129	|004	|016	|	|
130	|001	|016	|	|
131	|025	|021	|	|
132	|023	|029	|	|
133	|033	|019	|	|
134	|032	|025	|	|
135	|024	|035	|	|
136	|020	|025	|	|
137	|023	|027	|	|
138	|033	|023	|	|
139	|032	|028	|	|
140	|021	|027	|	|
141	|018	|001	|	|
142	|005	|012	|	|
143	|010	|015	|	|
144	|009	|018	|	|
145	|018	|007	|	|
146	|014	|003	|	|
147	|017	|007	|	|
148	|009	|001	|	|
149	|005	|010	|	|
150	|003	|013	|	|
151	|034	|030	|	|
152	|022	|025	|	|
153	|021	|031	|	|
154	|035	|024	|	|
155	|020	|027	|	|
156	|032	|030	|	|
157	|029	|033	|	|
158	|034	|026	|	|
159	|019	|029	|	|
160	|020	|032	|	|
161	|011	|014	|	|
162	|002	|017	|	|
163	|018	|012	|	|
164	|008	|014	|	|
165	|015	|009	|	|
166	|009	|003	|	|
167	|003	|007	|	|
168	|003	|015	|	|
169	|014	|010	|	|
170	|001	|018	|	|
171	|026	|032	|	|
172	|032	|026	|	|
173	|036	|019	|	|
174	|030	|032	|	|
175	|034	|023	|	|
176	|019	|027	|	|
177	|025	|036	|	|
178	|036	|020	|	|
179	|022	|034	|	|
180	|022	|029	|	|
181	|001	|012	|	|
182	|009	|013	|	|
183	|008	|006	|	|
184	|004	|013	|	|
185	|008	|016	|	|
186	|013	|007	|	|
187	|001	|014	|	|
188	|005	|015	|	|
189	|012	|001	|	|
190	|003	|012	|	|
191	|036	|022	|	|
192	|022	|027	|	|
193	|022	|027	|	|
194	|021	|030	|	|
195	|025	|031	|	|
196	|023	|036	|	|
197	|024	|027	|	|
198	|035	|028	|	|
199	|030	|031	|	|
200	|031	|027	|	|
201	|018	|002	|	|
202	|006	|016	|	|
203	|008	|003	|	|
204	|007	|016	|	|
205	|010	|006	|	|
206	|014	|008	|	|
207	|013	|011	|	|
208	|015	|012	|	|
209	|016	|006	|	|
210	|017	|012	|	|
211	|029	|019	|	|
212	|036	|025	|	|
213	|028	|024	|	|
214	|022	|032	|	|
215	|020	|035	|	|
216	|019	|031	|	|
217	|031	|022	|	|
218	|030	|034	|	|
219	|026	|019	|	|
220	|022	|028	|	|
221	|004	|011	|	|
222	|018	|010	|	|
223	|005	|016	|	|
224	|010	|004	|	|
225	|008	|015	|	|
226	|005	|014	|	|
227	|009	|006	|	|
228	|015	|005	|	|
229	|005	|016	|	|
230	|010	|016	|	|
231	|031	|019	|	|
232	|029	|021	|	|
233	|035	|019	|	|
234	|031	|030	|	|
235	|028	|033	|	|
236	|033	|022	|	|
237	|025	|023	|	|
238	|036	|023	|	|
239	|023	|033	|	|
240	|026	|035	|	|
241	|006	|018	|	|
242	|007	|005	|	|
243	|013	|010	|	|
244	|004	|010	|	|
245	|010	|013	|	|
246	|011	|003	|	|
247	|006	|008	|	|
248	|007	|013	|	|
249	|007	|014	|	|
250	|013	|010	|	|
251	|026	|036	|	|
252	|036	|028	|	|
253	|019	|035	|	|
254	|030	|022	|	|
255	|026	|036	|	|
256	|026	|020	|	|
257	|036	|028	|	|
258	|028	|032	|	|
259	|036	|026	|	|
260	|036	|030	|	|
261	|009	|014	|	|
262	|006	|012	|	|
263	|012	|003	|	|
264	|009	|017	|	|
265	|013	|001	|	|
266	|001	|010	|	|
267	|012	|017	|	|
268	|014	|012	|	|
269	|017	|008	|	|
270	|016	|002	|	|
271	|021	|025	|	|
272	|028	|022	|	|
273	|034	|019	|	|
274	|031	|025	|	|
275	|026	|021	|	|
276	|033	|030	|	|
277	|024	|030	|	|
278	|027	|032	|	|
279	|028	|020	|	|
280	|028	|031	|	|
281	|011	|006	|	|
282	|015	|002	|	|
283	|016	|009	|	|
284	|017	|009	|	|
285	|011	|017	|	|
286	|013	|003	|	|
287	|017	|006	|	|
288	|017	|009	|	|
289	|016	|005	|	|
290	|002	|013	|	|
291	|033	|027	|	|
292	|019	|025	|	|
293	|027	|034	|	|
294	|021	|035	|	|
295	|024	|029	|	|
296	|027	|019	|	|
297	|033	|024	|	|
298	|023	|035	|	|
299	|028	|035	|	|
300	|028	|035	|	|
301	|012	|013	|	|
302	|016	|008	|	|
303	|004	|008	|	|
304	|013	|012	|	|
305	|001	|007	|	|
306	|006	|013	|	|
307	|007	|002	|	|
308	|006	|015	|	|
309	|006	|009	|	|
310	|012	|004	|	|
311	|024	|033	|	|
312	|019	|028	|	|
313	|026	|033	|	|
314	|029	|022	|	|
315	|034	|025	|	|
316	|031	|023	|	|
317	|021	|029	|	|
318	|036	|021	|	|
319	|024	|033	|	|
320	|029	|022	|	|
321	|016	|007	|	|
322	|006	|007	|	|
323	|007	|015	|	|
324	|002	|008	|	|
325	|003	|008	|	|
326	|014	|011	|	|
327	|001	|013	|	|
328	|009	|002	|	|
329	|014	|009	|	|
330	|009	|015	|	|
331	|021	|036	|	|
332	|025	|033	|	|
333	|029	|023	|	|
334	|030	|020	|	|
335	|033	|021	|	|
336	|029	|036	|	|
337	|028	|036	|	|
338	|028	|036	|	|
339	|029	|024	|	|
340	|032	|027	|	|
341	|005	|017	|	|
342	|012	|016	|	|
343	|008	|018	|	|
344	|012	|002	|	|
345	|012	|016	|	|
346	|010	|018	|	|
347	|014	|005	|	|
348	|008	|002	|	|
349	|014	|005	|	|
350	|014	|002	|	|
351	|024	|025	|	|
352	|030	|033	|	|
353	|020	|029	|	|
354	|031	|028	|	|
355	|035	|029	|	|
356	|029	|031	|	|
357	|031	|021	|	|
358	|026	|022	|	|
359	|020	|031	|	|
360	|032	|021	|	|
361	|018	|008	|	|
362	|002	|014	|	|
363	|013	|006	|	|
364	|004	|018	|	|
365	|013	|006	|	|
366	|012	|014	|	|
367	|003	|017	|	|
368	|003	|016	|	|
369	|003	|016	|	|
370	|015	|010	|	|
371	|035	|030	|	|
372	|032	|020	|	|
373	|024	|026	|	|
374	|033	|028	|	|
375	|023	|028	|	|
376	|028	|021	|	|
377	|022	|031	|	|
378	|024	|036	|	|
379	|024	|028	|	|
380	|021	|028	|	|
381	|017	|004	|	|
382	|015	|006	|	|
383	|017	|003	|	|
384	|016	|003	|	|
385	|013	|002	|	|
386	|004	|014	|	|
387	|010	|014	|	|
388	|015	|006	|	|
389	|003	|014	|	|
390	|016	|011	|	|
391	|035	|025	|	|
392	|027	|024	|	|
393	|029	|032	|	|
394	|020	|026	|	|
395	|020	|028	|	|
396	|020	|026	|	|
397	|024	|031	|	|
398	|024	|031	|	|
399	|020	|036	|	|
400	|036	|029	|	|
401	|001	|008	|	|
402	|010	|005	|	|
403	|007	|001	|	|
404	|010	|005	|	|
405	|010	|001	|	|
406	|011	|013	|	|
407	|015	|003	|	|
408	|004	|012	|	|
409	|011	|013	|	|
410	|001	|008	|	|
411	|033	|020	|	|
412	|031	|024	|	|
413	|029	|035	|	|
414	|023	|030	|	|
415	|028	|023	|	|
416	|025	|024	|	|
417	|029	|035	|	|
418	|028	|023	|	|
419	|030	|036	|	|
420	|031	|024	|	|
421	|011	|016	|	|
422	|006	|010	|	|
423	|014	|004	|	|
424	|016	|012	|	|
425	|005	|011	|	|
426	|006	|010	|	|
427	|005	|011	|	|
428	|016	|012	|	|
429	|004	|007	|	|
430	|002	|009	|	|
431	|025	|034	|	|
432	|035	|022	|	|