cnd#	|left	|right	|test1	|test2		totalconditions=432
001	|006	|010	|	|
002	|011	|017	|	|
003	|001	|018	|	|
004	|006	|014	|	|
005	|012	|013	|	|
006	|011	|005	|	|
007	|001	|015	|	|
008	|001	|007	|	|
009	|001	|013	|	|
010	|003	|016	|	|
011	|021	|032	|	|
012	|030	|023	|	|
013	|021	|036	|	|
014	|034	|027	|	|
015	|024	|035	|	|
016	|029	|033	|	|
017	|032	|020	|	|
018	|030	|033	|	|
019	|027	|020	|	|
020	|021	|029	|	|
021	|016	|003	|	|
022	|014	|002	|	|
023	|012	|016	|	|
024	|008	|001	|	|
025	|010	|006	|	|
026	|007	|014	|	|
027	|006	|015	|	|
028	|016	|003	|	|
029	|003	|008	|	|
030	|002	|007	|	|
031	|029	|021	|	|
032	|029	|019	|	|
033	|021	|026	|	|
034	|031	|025	|	|
035	|035	|019	|	|
036	|029	|024	|	|
037	|033	|024	|	|
038	|020	|025	|	|
039	|029	|023	|	|
040	|022	|035	|	|
041	|011	|015	|	|
042	|014	|004	|	|
043	|006	|017	|	|
044	|011	|013	|	|
045	|011	|013	|	|
046	|012	|017	|	|
047	|018	|012	|	|
048	|009	|001	|	|
049	|010	|005	|	|
050	|011	|003	|	|
051	|019	|031	|	|
052	|031	|029	|	|
053	|031	|022	|	|
054	|036	|029	|	|
055	|033	|028	|	|
056	|025	|031	|	|
057	|025	|024	|	|
058	|023	|036	|	|
059	|034	|022	|	|
060	|019	|035	|	|
061	|018	|001	|	|
062	|013	|008	|	|
063	|011	|001	|	|
064	|017	|012	|	|
065	|012	|001	|	|
066	|017	|009	|	|
067	|003	|017	|	|
068	|017	|003	|	|
069	|016	|009	|	|
070	|003	|007	|	|
071	|034	|028	|	|
072	|030	|024	|	|
073	|030	|022	|	|
074	|024	|031	|	|
075	|022	|025	|	|
076	|024	|034	|	|
077	|035	|030	|	|
078	|036	|030	|	|
079	|022	|029	|	|
080	|024	|034	|	|
081	|002	|018	|	|
082	|002	|009	|	|
083	|012	|003	|	|
084	|016	|004	|	|
085	|001	|011	|	|
086	|014	|011	|	|
087	|008	|018	|	|
088	|001	|009	|	|
089	|015	|012	|	|
090	|003	|010	|	|
091	|024	|027	|	|
092	|020	|030	|	|
093	|026	|024	|	|
094	|031	|027	|	|
095	|021	|027	|	|
096	|029	|034	|	|
097	|026	|034	|	|
098	|026	|020	|	|
099	|026	|032	|	|
100	|032	|030	|	|
101	|015	|008	|	|
102	|012	|015	|	|
103	|008	|002	|	|
104	|007	|015	|	|
105	|007	|005	|	|
106	|009	|004	|	|
107	|006	|018	|	|
108	|002	|014	|	|
109	|009	|002	|	|
110	|017	|008	|	|
111	|035	|026	|	|
112	|029	|031	|	|
113	|029	|031	|	|
114	|031	|024	|	|
115	|027	|033	|	|
116	|029	|022	|	|
117	|021	|035	|	|
118	|024	|036	|	|
119	|021	|028	|	|
120	|027	|034	|	|
121	|014	|005	|	|
122	|017	|005	|	|
123	|006	|013	|	|
124	|005	|018	|	|
125	|009	|005	|	|
126	|009	|003	|	|
127	|005	|015	|	|
128	|013	|007	|	|
129	|001	|008	|	|
130	|009	|018	|	|
131	|032	|019	|	|
132	|023	|034	|	|
133	|032	|026	|	|
134	|030	|019	|	|
135	|024	|030	|	|
136	|035	|025	|	|
137	|023	|034	|	|
138	|023	|029	|	|
139	|034	|029	|	|
140	|029	|032	|	|
141	|018	|007	|	|
142	|005	|014	|	|
143	|004	|018	|	|
144	|004	|010	|	|
145	|003	|012	|	|
146	|016	|010	|	|
147	|011	|016	|	|
148	|016	|012	|	|
149	|018	|005	|	|
150	|004	|013	|	|
151	|036	|027	|	|
152	|019	|036	|	|
153	|024	|033	|	|
154	|024	|033	|	|
155	|033	|030	|	|
156	|036	|019	|	|
157	|034	|026	|	|
158	|025	|021	|	|
159	|032	|025	|	|
160	|019	|026	|	|
161	|002	|015	|	|
162	|006	|007	|	|
163	|014	|006	|	|
164	|004	|012	|	|
165	|015	|004	|	|
166	|009	|016	|	|
167	|018	|003	|	|
168	|010	|004	|	|
169	|018	|010	|	|
170	|013	|009	|	|
171	|033	|019	|	|
172	|020	|032	|	|
173	|029	|035	|	|
174	|030	|021	|	|
175	|035	|029	|	|
176	|026	|022	|	|
177	|023	|025	|	|
178	|021	|025	|	|
179	|020	|028	|	|
180	|029	|035	|	|
181	|014	|008	|	|
182	|002	|010	|	|
183	|013	|005	|	|
184	|017	|002	|	|
185	|012	|006	|	|
186	|004	|014	|	|
187	|001	|017	|	|
188	|012	|006	|	|
189	|018	|008	|	|
190	|015	|001	|	|
191	|023	|031	|	|
192	|026	|019	|	|
193	|027	|032	|	|
194	|025	|023	|	|
195	|021	|034	|	|
196	|032	|024	|	|
197	|030	|031	|	|
198	|027	|035	|	|
199	|027	|035	|	|
200	|021	|033	|	|
201	|012	|018	|	|
202	|004	|017	|	|
203	|013	|006	|	|
204	|005	|016	|	|
205	|010	|013	|	|
206	|012	|002	|	|
207	|018	|009	|	|
208	|016	|011	|	|
209	|016	|007	|	|
210	|012	|002	|	|
211	|019	|033	|	|
212	|034	|019	|	|
213	|028	|023	|	|
214	|019	|033	|	|
215	|026	|023	|	|
216	|022	|034	|	|
217	|020	|036	|	|
218	|029	|036	|	|
219	|027	|022	|	|
220	|024	|032	|	|
221	|005	|008	|	|
222	|003	|015	|	|
223	|014	|001	|	|
224	|012	|004	|	|
225	|004	|015	|	|
226	|007	|002	|	|
227	|015	|007	|	|
228	|011	|006	|	|
229	|009	|014	|	|
230	|014	|007	|	|
231	|022	|030	|	|
232	|036	|028	|	|
233	|032	|023	|	|
234	|025	|032	|	|
235	|035	|020	|	|
236	|035	|023	|	|
237	|036	|024	|	|
238	|036	|020	|	|
239	|019	|030	|	|
240	|032	|029	|	|
241	|013	|012	|	|
242	|010	|018	|	|
243	|017	|001	|	|
244	|014	|009	|	|
245	|018	|002	|	|
246	|005	|012	|	|
247	|001	|012	|	|
248	|007	|001	|	|
249	|018	|004	|	|
250	|005	|009	|	|
251	|027	|036	|	|
252	|030	|032	|	|
253	|030	|034	|	|
254	|023	|035	|	|
255	|031	|019	|	|
256	|023	|035	|	|
257	|025	|035	|	|
258	|033	|023	|	|
259	|024	|029	|	|
260	|020	|033	|	|
261	|007	|006	|	|
262	|018	|011	|	|
263	|015	|005	|	|
264	|007	|004	|	|
265	|010	|003	|	|
266	|003	|009	|	|
267	|014	|012	|	|
268	|002	|016	|	|
269	|009	|013	|	|
270	|015	|006	|	|
271	|023	|030	|	|
272	|021	|030	|	|
273	|033	|029	|	|
274	|034	|023	|	|
275	|033	|021	|	|
276	|022	|028	|	|
277	|025	|020	|	|
278	|020	|034	|	|
279	|034	|020	|	|
280	|028	|019	|	|
281	|003	|011	|	|
282	|010	|014	|	|
283	|003	|014	|	|
284	|012	|014	|	|
285	|004	|007	|	|
286	|014	|003	|	|
287	|015	|002	|	|
288	|005	|007	|	|
289	|004	|011	|	|
290	|003	|018	|	|
291	|027	|019	|	|
292	|033	|025	|	|
293	|036	|025	|	|
294	|036	|026	|	|
295	|025	|033	|	|
296	|022	|027	|	|
297	|035	|021	|	|
298	|036	|026	|	|
299	|027	|019	|	|
300	|028	|021	|	|
301	|008	|014	|	|
302	|013	|002	|	|
303	|016	|008	|	|
304	|008	|016	|	|
305	|004	|016	|	|
306	|002	|017	|	|
307	|003	|013	|	|
308	|004	|008	|	|
309	|007	|017	|	|
310	|010	|002	|	|
311	|023	|028	|	|
312	|026	|035	|	|
313	|020	|026	|	|
314	|035	|027	|	|
315	|034	|030	|	|
316	|022	|033	|	|
317	|032	|028	|	|
318	|020	|029	|	|
319	|035	|028	|	|
320	|022	|026	|	|
321	|009	|017	|	|
322	|017	|004	|	|
323	|008	|006	|	|
324	|009	|015	|	|
325	|013	|004	|	|
326	|013	|003	|	|
327	|015	|011	|	|
328	|001	|014	|	|
329	|013	|010	|	|
330	|010	|016	|	|
331	|028	|035	|	|
332	|028	|033	|	|
333	|028	|031	|	|
334	|028	|024	|	|
335	|025	|034	|	|
336	|025	|022	|	|
337	|030	|020	|	|
338	|033	|026	|	|
339	|024	|025	|	|
340	|022	|036	|	|
341	|016	|006	|	|
342	|015	|003	|	|
343	|015	|003	|	|
344	|007	|016	|	|
345	|005	|017	|	|
346	|006	|012	|	|
347	|010	|017	|	|
348	|005	|011	|	|
349	|013	|011	|	|
350	|017	|011	|	|
351	|020	|027	|	|
352	|028	|020	|	|
353	|030	|035	|	|
354	|021	|031	|	|
355	|019	|027	|	|
356	|019	|032	|	|
357	|022	|032	|	|
358	|026	|036	|	|
359	|023	|027	|	|
360	|034	|021	|	|
361	|004	|009	|	|
362	|008	|015	|	|
363	|004	|009	|	|
364	|009	|006	|	|
365	|011	|002	|	|
366	|009	|006	|	|
367	|016	|005	|	|
368	|016	|001	|	|
369	|011	|004	|	|
370	|002	|013	|	|
371	|033	|020	|	|
372	|028	|032	|	|
373	|027	|021	|	|
374	|025	|019	|	|
375	|027	|024	|	|
376	|025	|036	|	|
377	|020	|035	|	|
378	|019	|025	|	|
379	|034	|025	|	|
380	|020	|031	|	|
381	|002	|012	|	|
382	|018	|006	|	|
383	|006	|011	|	|
384	|017	|007	|	|
385	|017	|007	|	|
386	|015	|009	|	|
387	|007	|003	|	|
388	|006	|008	|	|
389	|006	|011	|	|
390	|014	|010	|	|
391	|026	|033	|	|
392	|026	|031	|	|
393	|032	|022	|	|
394	|024	|026	|	|
395	|036	|023	|	|
396	|024	|028	|	|
397	|036	|023	|	|
398	|023	|026	|	|
399	|031	|021	|	|
400	|033	|022	|	|
401	|011	|014	|	|
402	|002	|011	|	|
403	|008	|017	|	|
404	|017	|006	|	|
405	|001	|016	|	|
406	|008	|017	|	|
407	|008	|005	|	|
408	|011	|014	|	|
409	|008	|013	|	|
410	|007	|018	|	|
411	|019	|029	|	|
412	|034	|024	|	|
413	|036	|021	|	|
414	|031	|030	|	|
415	|031	|028	|	|
416	|031	|020	|	|
417	|030	|036	|	|
418	|031	|020	|	|
419	|035	|024	|	|
420	|023	|032	|	|
421	|011	|018	|	|
422	|002	|008	|	|
423	|015	|010	|	|
424	|006	|009	|	|
425	|015	|010	|	|
426	|010	|015	|	|
427	|012	|005	|	|
428	|016	|002	|	|
429	|007	|013	|	|
430	|006	|009	|	|
431	|028	|036	|	|
432	|031	|026	|	|