item#   |moviename          |startframe   |endframe              |totalitems=30
01      |64ls.avi           |001          |300
02      |64ne.avi           |001          |300
03      |64th.avi           |001          |300
04      |67ls.avi           |001          |300
05      |67ne.avi           |001          |300
06      |67th.avi           |001          |300
07      |70ls.avi           |001          |300
08      |70ne.avi           |001          |300
09      |70th.avi           |001          |300
10      |125ls.avi          |001          |300
11      |125ne.avi          |001          |300
12      |125th.avi          |001          |300
13      |136ls.avi          |001          |300
14      |136ne.avi          |001          |300
15      |136th.avi          |001          |300
16      |71ls.avi           |001          |300
17      |71ne.avi           |001          |300
18      |71th.avi           |001          |300
19      |130ls.avi          |001          |300
20      |130ne.avi          |001          |300
21      |130th.avi          |001          |300
22      |133ls.avi          |001          |300
23      |133ne.avi          |001          |300
24      |133th.avi          |001          |300
25      |141ls.avi          |001          |300
26      |141ne.avi          |001          |300
27      |141th.avi          |001          |300
28      |143ls.avi          |001          |300
29      |143ne.avi          |001          |300
30      |143th.avi          |001          |300